#####################################################################
# Alchemist log file - simulation started at: 2024-12-17T10:04+0000 #
#####################################################################
#
# Algorithm = ff_linpro_ac, CamHerdRatio = 2.0, NumberOfHerds = 4.0, Seed = 6.0
#
# The columns have the following meaning: 
# time 3-coverage 2-coverage 1-coverage CamDist ObjDist NoisePerceivedNormalized[mean] NoisePerceivedNormalized[variance] NoisePerceived[mean] NoisePerceived[variance] NoisePerceived[percentile90] NoisePerceived[max] BodyCoverage[mean] BodyCoverage[variance] BodyCoverageOnlyCovered[mean] BodyCoverageOnlyCovered[variance] FovDistance[mean] FovDistance[variance] FovDistanceOnlyCovered[mean] FovDistanceOnlyCovered[variance] ClusteringDistance[mean] ClusteringDistance[variance] 
0.0 0.0 0.0 0.0 0.0 0.0 NaN NaN NaN NaN NaN NaN NaN NaN NaN NaN NaN NaN NaN NaN 60.0 0.0
0.004358164239918416 0.0 0.0 0.0 0.0 4.1231 5.165141656702476E-4 0.0 24.206134076160758 0.0 24.206134076160758 24.206134076160758 0.0 0.0 NaN NaN 0.0 0.0 NaN NaN 60.0 0.0
10.004358164239918 0.0 0.0 0.0 755.0 2573.7025 9.445302950867418E-4 8.148741951016438E-7 23.97686322483293 3.4567178937840075 26.008793363053442 26.381733696875706 0.0 0.0 NaN NaN 0.0 0.0 NaN NaN 60.0 0.0
20.004358164239918 0.0 0.0 0.0 800.0 2475.4365 0.0015328926798529492 2.249777003588381E-6 24.426413596342837 4.321115751896001 26.74333498890306 27.141738501532 0.0 0.0 NaN NaN 0.0 0.0 NaN NaN 60.0 0.0
30.004358164239918 0.0 0.0 0.0 800.0 2526.3372 0.003088126320379113 8.516095035241903E-6 25.192412047366364 5.902165332520671 27.841243113338038 28.237949097490073 0.0 0.0 NaN NaN 0.0 0.0 NaN NaN 60.0 0.0
40.00435816423992 0.0 0.0 0.0 800.0 2461.7088 0.006398430640351851 2.2509917268648313E-5 26.206862655150452 8.068015871736408 28.603513523532015 28.873983831203777 0.0 0.0 NaN NaN 0.0 0.0 NaN NaN 60.0 0.0
50.00435816423992 0.0 0.0 0.0 800.0 2598.8793 0.012829403697055007 1.2160354325209879E-4 27.172675959998998 11.0053588902651 30.246382641747108 31.609085650294112 0.0 0.0 NaN NaN 0.0 0.0 NaN NaN 60.0 0.0
60.00435816423992 0.0 0.0 0.0 800.0 2602.6914 0.010925565601743889 1.0225911409713274E-4 26.866535663536922 9.760561801187762 30.02661107990168 30.50396307042433 0.0 0.0 NaN NaN 0.0 0.0 NaN NaN 60.0 0.0
70.00435816423992 0.0 0.0 0.0 800.0 2585.8651 0.0030462473795263446 9.7701448460967E-6 25.390881554985157 4.011561359190333 27.85392023790156 28.713684582788087 0.0 0.0 NaN NaN 0.0 0.0 NaN NaN 60.0 0.0
80.00435816423992 0.0 0.0 0.0 800.0 2491.7276 0.001929632776337002 3.5686569471114103E-6 25.118829965761872 1.9961991339374985 26.931801217497785 27.852007294818435 0.0 0.0 NaN NaN 0.0 0.0 NaN NaN 60.0 0.0
90.00435816423992 0.0 0.0 0.0 800.0 2515.1841 0.0031393985078475937 9.568973302354018E-6 25.842747344954 1.76486924666537 27.862227432771537 28.557322890870186 0.0 0.0 NaN NaN 0.0 0.0 NaN NaN 60.0 0.0
100.00435816423992 0.0 0.0 0.0 800.0 2533.0013 0.0043376789275458615 1.430807749436132E-5 26.282695684935604 2.2077078485925274 28.307264889599484 28.76155668402481 0.0 0.0 NaN NaN 0.0 0.0 NaN NaN 60.0 0.0
110.00435816423992 0.0 0.0 0.0391 800.0 2612.7463 0.008981507066589126 3.310789019108427E-4 25.713638939054693 8.222663769033197 30.781674630784998 33.139977389115614 0.011027434575623916 0.0030208238805622583 0.28230232513597214 1.8424276261115032E-4 0.019242621206264545 0.009300647606454493 0.49261110288037213 0.0038123492220681204 60.0 0.0
120.00435816423992 0.0 0.0 0.1719 764.0356 2589.3785 0.043405116781515034 0.010660682633005032 26.688510234095936 23.2051907779302 34.678778269746175 40.975422705457596 0.03622724246721046 0.006367588588407265 0.20161247981751912 0.0018990004862460455 0.11743405084363716 0.06840573606273005 0.6535460220863285 0.028587728063670236 60.0 0.0
130.00435816423993 0.0 0.0 0.2031 781.2713 2497.3471 0.07766143285357281 0.033422644702940825 27.58697378404256 35.46911635166734 36.77711075772725 45.309039567550975 0.03186269171231917 0.0044386136713569745 0.16993435579903554 2.561188200388358E-5 0.12718434332499914 0.0756281908056451 0.6783164977333289 0.027503106344405493 60.0 0.0
140.00435816423993 0.0 0.0 0.1797 772.8164 2593.9067 0.055563252163751964 0.015785057283292884 27.199232687466548 27.329564392014372 36.40785548757702 41.77740897017989 0.032423185492360056 0.0052134369736641616 0.1886439883191858 6.554266178306755E-4 0.11883887221034754 0.07256054214085335 0.6914261655874767 0.02406421161730647 60.0 0.0
150.00435816423993 0.0 0.0625 0.1953 770.5817 2554.2148 0.05791010948930203 0.013780563420726031 26.930593979506355 31.417235188249265 36.667944550162765 39.63268603481008 0.058284326884405734 0.016669899265728906 0.31084974338349725 0.010123466478114917 0.12897826289320205 0.07740921966864465 0.6878840687637444 0.026255360989916276 60.0 0.0
160.00435816423993 0.0 0.1641 0.2266 712.0501 2548.4433 0.09033871446023302 0.032216296523951075 27.57687438615295 42.26655595131319 38.58511278096341 43.317101134625595 0.07855773393279791 0.02334504435954462 0.34673758425510803 0.009577416561042636 0.1449667286939971 0.08323227532596289 0.6398531473390217 0.04955409366364146 58.91646011574074 1.3997176711618445E-5
170.00435816423993 0.0 0.1719 0.2188 695.7068 2504.5432 0.10726051709280374 0.04472149453763184 28.015775375224813 48.194795802918165 39.573174443668265 46.59757596950239 0.07966378663939543 0.024689405394013476 0.36417731035152195 0.008680745554239266 0.13361717729149925 0.07545353328114701 0.6108213819039965 0.05262873476945137 58.91552200717412 7.070514634436037E-11
180.00435816423993 0.0 0.1719 0.2188 697.0276 2587.1402 0.132701449770247 0.06139844358595929 28.318593526907154 57.08399802828017 40.85412135981263 47.99261702590135 0.08786387221174705 0.029207130453373555 0.4016634158251294 0.006671676428116384 0.12992824179905577 0.07339549677285001 0.5939576767956836 0.05940890463853559 58.91552894644375 1.794208765939946E-15
190.00435816423993 0.0 0.1719 0.1797 655.016 2554.3488 0.10035546599303845 0.03074104503771138 27.85759447627016 40.705677920727425 38.73405397349932 41.06660655617848 0.07625006697784466 0.02708028651741975 0.4243481988332224 0.0018979834773366685 0.13201948765131022 0.08463999719271104 0.7347171486681612 0.025663481009775183 58.91552893229512 2.1146722745009647E-20
200.00435816423993 0.0234 0.1562 0.1953 638.0638 2549.433 0.110255932315021 0.03650691123043841 27.795940284387722 45.885737976925014 39.44219800494311 41.352065639730114 0.07876556122116751 0.027608044290277706 0.4200829931795601 0.0028287853161154705 0.13123216864417778 0.08483446445319047 0.6999048994356148 0.053111871939244784 58.915528932277304 1.2162972981059648E-25
210.00435816423993 0.1562 0.1641 0.1797 700.2323 2527.1626 0.14617382936306647 0.06450014384878122 28.026913735831474 62.849954914695 41.59940136154869 43.22664738588608 0.07819702901793235 0.029067963269813358 0.43518346583892786 0.005385257004615287 0.13051557527850646 0.0833606279907516 0.7263475493760361 0.028765208528909937 58.604850715201955 3.4213224574333075E-6
220.00435816423993 0.1719 0.1719 0.1719 649.2064 2612.6891 0.14592454151513967 0.04915821298467801 22.820490701850282 212.87412409706212 40.77042821709718 43.30926042034244 0.11631512358891187 0.06681570288476353 0.6767425372445782 0.006750606165353276 0.12244305144665978 0.07779556134865165 0.7123959356896569 0.03018454655478763 56.70674493136121 0.003890173831844742
230.00435816423993 0.1641 0.1797 0.1875 623.5965 2595.4026 0.13944118108052633 0.04447182358073396 22.746419635910826 209.6155912689587 40.14262726535004 42.952502945975056 0.12300181412101993 0.0681024828038276 0.6560096753121062 0.01118329482938005 0.13209925990696741 0.08356063632530882 0.704529386170493 0.0405716748585933 56.75062607749648 1.0146996725123243E-7
240.00435816423993 0.1641 0.1797 0.1797 566.8275 2622.7418 0.14396631292878517 0.04734166966923737 22.683943396051045 211.09187267738926 40.26113343562708 42.98664146267463 0.11806856011910498 0.06298094969272293 0.6296989873018933 0.011583683743467158 0.1296673718158822 0.08031534381185274 0.6915593163513717 0.03800391510756285 56.75058933144049 7.01579805438048E-13
250.00435816423993 0.1562 0.1719 0.2109 583.1758 2641.8722 0.14559625133987056 0.05000899112914033 22.688118377454487 212.5042803477376 40.220879332801516 45.00606790521306 0.12772624295451737 0.06641884103624741 0.6055170036362304 0.023992738758869876 0.1322572197229127 0.07934303020766602 0.6269971897975121 0.0654288239079642 56.750589003464945 4.47842669452712E-18
260.00435816423993 0.0312 0.1406 0.2344 632.1535 2528.9298 0.15614505919017505 0.05923206074009007 23.24681826190127 219.6777835289517 41.85696299153674 43.344629376294826 0.0863720834986754 0.031148554441916904 0.36852088959434837 0.028846018741814475 0.1756926673152458 0.10694263169455162 0.7496220472117153 0.023269335304131396 56.858321178534915 8.821134896309101E-6
270.00435816423993 0.0234 0.1406 0.2344 650.5722 2584.2218 0.1802955496479142 0.08437792401502643 24.411798017847413 242.86274459553493 43.760653720444665 48.18647764425748 0.07173663309404063 0.02063701220770212 0.3060763012012401 0.016176758110649548 0.17156606449915157 0.10247142475674621 0.7320152085297134 0.024350070102478312 56.855889673102055 2.2449572601275603E-10
280.00435816423993 0.0312 0.1016 0.1953 719.9313 2556.4047 0.1444892832091473 0.04781632932366312 24.34422964286073 223.65350447101437 40.59786118789756 45.57772229183829 0.05730920078367682 0.01656660925085459 0.2934231080124254 0.015496977594087996 0.1489017357234124 0.096997793398304 0.7623768869038714 0.02609324428494303 57.09330142215747 0.13794008945953837
290.00435816423993 0.0312 0.1016 0.2109 687.1905 2724.4103 0.15763421314706139 0.05639805515306193 24.347362276442052 228.25817777834834 42.02122588648572 44.410617127587855 0.05727749191748707 0.015763768569701266 0.2819814986707056 0.01418307684923397 0.154785756935178 0.0988223231653895 0.7620221879885686 0.02078066250979683 56.94679640111969 5.0152126886770946E-6
300.00435816423993 0.0391 0.125 0.2188 725.8573 2674.8974 0.1522853470938808 0.05766677332786713 23.768946910518764 222.45916950517287 42.17259990093111 43.8749649037707 0.06575886639983432 0.019245823422250327 0.31174573700662195 0.014373650050062551 0.15490772688049576 0.09421351383909615 0.7343773718779059 0.01828009973873917 57.02906189276013 0.002212151836570436
310.00435816423993 0.1094 0.1094 0.2266 741.7127 2577.6261 0.15838344297861795 0.07189509002112972 25.713311914416586 162.3877773302293 43.360536839632296 45.45559767426674 0.06437739384843899 0.01700153127011807 0.28414849698621353 0.012436187171949104 0.16418632632942362 0.09809464439095064 0.7246844748333181 0.0242383911513068 57.13321121965731 0.0010376363140958778
320.00435816423993 0.1016 0.1094 0.2188 695.8475 2590.0211 0.1562212988340409 0.06402157938118401 23.322407277799933 211.89200215317098 42.72877352043452 44.280710435265114 0.06537362461805313 0.017401837500525406 0.29885085539681433 0.009493962919155018 0.16676483315574755 0.10448166367042572 0.7623535229977032 0.02058501775197288 57.03204844489011 2.2343308533981304E-6
330.00435816423993 0.1172 0.125 0.2188 658.5665 2644.9691 0.16518849822957538 0.07027364186934462 22.937056914067927 224.40456372501774 43.31906480941343 44.85144726702338 0.07021871543396009 0.021270684501427592 0.32099984198381754 0.016568787993352492 0.16616087428787454 0.1044122289485649 0.7595925681731409 0.02366283531280069 57.03208734545024 1.1942055284356435E-11
340.00435816423993 0.1406 0.25 0.2578 666.3511 2611.4877 0.18873963284252018 0.08508077470441448 23.224834873573116 235.90047239516812 43.20908277202096 46.768344870947956 0.1022480482147481 0.03124935808712982 0.3965984900450835 0.003633857235094218 0.19223115025816462 0.11442556399698006 0.7456238555468203 0.02860919198455054 56.25796576939198 0.001685245779186818
350.00435816423993 0.25 0.25 0.2578 655.9596 2578.1361 0.1873009964415448 0.08162095681610038 23.173691581159233 232.98587965959658 42.65511262064689 43.436840980563254 0.15510824094503847 0.07256531892113448 0.6016319648777251 0.010955572030545015 0.19263340971299883 0.1159968152505758 0.7471841346443591 0.033062372516349504 56.27148905059571 1.549792498715264E-8
360.00435816423993 0.25 0.2578 0.2578 548.4389 2613.5241 0.19257251617278737 0.08657500017107865 23.401401730751285 236.74398719473174 42.78362385068101 44.491884298048 0.1613003350846427 0.07819959693762332 0.6256497845707353 0.010755763152287568 0.19038732831024255 0.11393575582840201 0.7384720613245771 0.03478897891904266 56.076186833859694 3.1313555941535197E-7
370.00435816423993 0.25 0.25 0.2578 607.1559 2627.092 0.19236870687464017 0.08632511168006006 23.52578968159688 237.05572073725713 43.16642784363009 43.937034786398065 0.1644226380530892 0.0809707689386686 0.6377605354786491 0.010042876084488382 0.1931633617744749 0.1165972188663906 0.7492397062767512 0.03309090794670426 55.39190577604536 0.013120797758002897
380.00435816423993 0.2344 0.25 0.2578 636.7418 2633.5636 0.19726714286379757 0.09075750284286424 23.74328153520405 240.44439411018362 43.206960396705334 43.96961231608975 0.16562831357805655 0.08172628262675616 0.6424370950906436 0.008459046650387407 0.20116887507776535 0.121769529280732 0.7802913942410292 0.017267116483804 55.01795973725244 0.0048456621724025555
390.00435816423993 0.2344 0.2422 0.25 608.038 2603.2501 0.19293135296384145 0.08631030525818001 23.746045860075192 237.96817623273688 42.74754102851817 44.36658557843575 0.16398612464675416 0.08550874266099973 0.6559444985870166 0.017203028145458033 0.19045194455489367 0.11702608441563937 0.7618077782195747 0.030125372188578418 55.190827432332746 2.615345231265575E-5
400.00435816423993 0.2422 0.25 0.25 572.0626 2504.599 0.20108921090383022 0.09463076559334278 23.988749201770425 244.23600475303581 43.303469247719924 47.60439928108375 0.16264135168709387 0.08256536639702754 0.6505654067483755 0.01058558611090995 0.19054139256451005 0.11485497648527127 0.7621655702580402 0.020808692191843153 55.33618201945775 0.009723980861099974
410.00435816423993 0.25 0.25 0.2578 533.1223 2465.0688 0.19213588567147005 0.08538801030281251 23.831903195287556 237.87098470324594 43.01953144130618 43.84719040540726 0.16782082400463832 0.08353004824912291 0.6509413779573849 0.00719912115699757 0.20307178887686275 0.12503649182376816 0.7876723932193465 0.021375014916286114 55.24882811538187 0.002720010599241756
420.00435816423993 0.2422 0.2422 0.2578 586.2658 2531.2536 0.19825249715067964 0.09171444729935277 23.912698097066087 241.95138166563106 43.19318736277969 45.639740834336706 0.166044240586519 0.08457190010594727 0.6440503877295283 0.018164057753282368 0.18783821108412352 0.1111824929900683 0.7285845763262974 0.0349641994650052 55.26005595115475 0.0027910824306175445
430.00435816423993 0.2578 0.2578 0.2578 512.6025 2500.95 0.20118865956069315 0.09452193578764422 24.077907740866422 244.3395755348863 43.52779190785049 45.03208452355339 0.17523766645758754 0.0907709665146992 0.6797097365627638 0.0066372399221744345 0.19399133447439337 0.11578142439746528 0.7524512367491621 0.02616200130655432 55.125514890982494 0.15279247870951843
440.00435816423993 0.25 0.2578 0.2578 562.7412 2658.8636 0.1986546231431217 0.09148144491854232 24.229140449110883 243.47669775440644 43.44027871802986 44.70533997358529 0.1677766283913715 0.08339931561716739 0.6507699525483501 0.006851068005238057 0.20494935290284483 0.12686348984235082 0.7949550658049738 0.01980431903873789 55.167776364127484 1.1994377939775936E-7
450.00435816423993 0.25 0.2578 0.2578 497.4616 2583.2846 0.2042127777673784 0.09649560998386507 24.56945083511567 248.5309226937236 43.69624483524736 45.979389338622155 0.16764189460413984 0.08427019717796154 0.6502473487675726 0.010827774321038198 0.1959548389977888 0.11802570146544876 0.7600672542944534 0.026252272626552477 55.167508327002 2.1231885035298437E-12
460.00435816423993 0.2422 0.2578 0.2578 439.0722 2533.0616 0.21086437807645797 0.10247363767955897 24.904954933433043 254.41524229672567 43.878686075463165 46.92105451154637 0.1604734380136081 0.0774062070664478 0.6224424262346011 0.01067087711300119 0.19787016449100459 0.12036875147569152 0.7674963956014723 0.026865338226273454 55.167509222210946 4.085688747143944E-17
470.00435816423993 0.2422 0.2578 0.2578 489.7654 2530.3871 0.21357052398431098 0.10461672914945025 25.089110496249972 257.4740770498661 44.47287539214323 47.72102643119106 0.16292119566913374 0.07986846257827362 0.6319367589590642 0.011327655423012676 0.20019024826381665 0.12111645004639492 0.7764955084172283 0.019198138698209844 54.9581588945357 0.0026143395228690517
480.00435816423993 0.25 0.2578 0.2578 533.6483 2537.8408 0.22231901943759783 0.1133844849883569 25.266796474235754 263.8482286447719 45.24629762830363 47.96006485920668 0.17046098948139893 0.08729880431242978 0.6611820198066384 0.011871960060668447 0.1963578944947791 0.11752058420825955 0.7616306210706584 0.022426768953479392 54.832610768047246 7.126321348898117E-4
490.00435816423993 0.2578 0.2578 0.2578 598.9362 2534.1752 0.2154713288280804 0.1068033560651227 25.004198073525195 257.81281398076516 44.32424395190448 46.78975673748088 0.17211899785030507 0.08902576992106087 0.6676130825708803 0.01218524316277152 0.20556729928339107 0.1268369723215819 0.7973519487355775 0.016777945320260577 54.95238550363569 0.31948055772058526
500.00435816423993 0.2344 0.25 0.2578 588.5442 2570.5131 0.21631462283865246 0.105838576557872 25.19149203184183 258.5711278160835 44.51924598365788 47.071513422058004 0.1636020286252621 0.08235730037529117 0.6345775655767742 0.018645322751879193 0.18897006024019142 0.11247931452148732 0.7329747791134698 0.03519986152142484 54.87460158485007 6.777668802249114E-7
510.00435816423993 0.2109 0.2578 0.2578 523.8773 2552.9528 0.2271261923324669 0.11794732717603919 25.46508379069253 268.65218867074464 45.504532155554635 48.42865686917843 0.16323656953734625 0.08187550366911672 0.6331600272963733 0.01810863242796024 0.2122812075474267 0.13357159487310558 0.8233937747294126 0.01120141231743826 55.23430947916397 0.16754383787777288
520.0043581642399 0.2422 0.25 0.2578 621.3499 2564.4458 0.22388803844292768 0.10948973410279256 25.677028545904218 265.32080457832035 45.38523794777997 46.48924157194646 0.13776262131242625 0.05963949163758142 0.5343519856966837 0.018153470747833845 0.2018127249387949 0.12324981347428203 0.7827887512777499 0.020154277227746806 55.52855683025231 0.002100909759993205
530.0043581642399 0.1406 0.2422 0.3594 585.1688 2580.9883 0.24299012490660873 0.0949475331076756 26.541685145079448 270.9860798064429 44.56382236939491 46.31646837944388 0.1323006652500922 0.03804994222093167 0.3528017740002459 0.023367444892057686 0.27306856880566155 0.13541912806543577 0.7281828501484309 0.027462156740458658 55.3911965343388 0.0018460067006739924
540.0043581642399 0.1328 0.2344 0.4375 607.3047 2673.1001 0.26675369855516784 0.08834989480321448 27.248036146686623 278.7436632164922 44.451775445709806 45.713507413319434 0.1625856272482164 0.043939322624126725 0.36510456645213507 0.02438714949945861 0.31439683237513244 0.13997147372836485 0.7060139393687185 0.03601089976494937 55.41835287425769 3.744186075582898E-8
550.0043581642399 0.1719 0.2578 0.4844 674.7859 2519.9125 0.26816838648547864 0.08882100037348199 27.599881409417534 282.13493519674057 44.86460788689436 46.51937394218692 0.17801734464540384 0.03958553917754663 0.3735445920428146 0.009533942965781516 0.34292041834900494 0.148024470986794 0.7195707139126661 0.03777483281331784 55.25563253369745 0.012358575841148899
560.0043581642399 0.1797 0.4766 0.5078 559.1254 2677.1851 0.30917574493477634 0.09345819758675546 28.365693367444557 296.6459744694138 45.71913411331734 47.96896281580488 0.2616999322198024 0.07829114702419868 0.5153475588328417 0.022599861491452083 0.34928049096580477 0.14180104847440114 0.6878138899018924 0.04490023198895114 54.91377955821233 0.004873920975644714
570.0043581642399 0.2109 0.4609 0.5078 513.7077 2595.667 0.3129938588934978 0.09585613557829821 28.464684205101715 299.90661481311963 46.24522434842854 48.71105817102686 0.26881437590645246 0.08448541127353087 0.5376287518129049 0.02349551807792955 0.3495296418116313 0.1446259478359861 0.6990592836232626 0.04332716111959384 55.20538968125912 0.1979372830949961
580.0043581642399 0.2031 0.4688 0.4844 483.7944 2531.7858 0.31681560616024096 0.09508173514701099 28.582844423876406 301.3431886114519 45.57144299658273 49.3609539508639 0.26332636080837296 0.08001572691277029 0.5436415190882539 0.011700949061246245 0.3518612539700973 0.14829828182274182 0.7264232340027815 0.032201135238670534 55.063926666352714 0.003170575298151907
590.0043581642399 0.1484 0.4688 0.4688 533.7188 2583.6633 0.33550565255500825 0.1051162339576181 28.99212612902657 311.9369277756522 46.6915106499455 49.51577123620367 0.2404003892157171 0.07139849055439194 0.5128541636601965 0.01159093462170405 0.36046436499008633 0.15906710094414345 0.7689906453121841 0.022921161762603944 55.010793227738766 0.004849668455529191
600.0043581642399 0.2422 0.4531 0.4766 428.3516 2583.8862 0.3374345326329496 0.09905306818734277 28.93003603495452 306.7521006840997 46.169144937735034 48.339489788777065 0.2664361397544071 0.08216635653348921 0.5590791129272805 0.00758137125256218 0.3505049051894048 0.15064870993126217 0.7354857026925216 0.031006099106886 55.1147695323765 2.5141557248329298E-6
610.0043581642399 0.2344 0.4375 0.4844 441.9688 2649.4712 0.35301414391149716 0.10705745006475781 29.289260871835598 316.21160911990813 47.58717526594836 49.8138660305188 0.25422868741009497 0.07281054541484176 0.5248592256208412 0.007217660907819379 0.35541478957348516 0.14916845347726668 0.7337595655710661 0.02839868010401123 55.1153247188262 2.7375994761222098E-11
620.0043581642399 0.2188 0.4375 0.4922 369.8001 2574.2175 0.35818200960157176 0.10103309054086299 29.313163228808925 311.6391454893253 45.51801388063584 48.543566442276344 0.22818529003243623 0.05654725548755613 0.4636145575262196 0.004921774180885776 0.3572178216370322 0.1470032637689027 0.7257758915800019 0.02931466297585875 55.11532529125642 1.3577222755119086E-16
630.0043581642399 0.2344 0.4297 0.4766 398.237 2571.8237 0.3586829972597903 0.09827052895594915 29.303953205035135 309.6660550708688 45.084909388027945 47.35434418070655 0.2244719859719885 0.05752289620703096 0.46342603555507306 0.0072078867188448605 0.33572596593674203 0.13596929086148635 0.6931116716113384 0.03131461146658217 55.115325282891895 2.0534388266563373E-21
640.0043581642399 0.2422 0.4375 0.4844 487.1384 2499.6779 0.3743421278343213 0.10600167527207663 29.641319025905247 317.49517513296354 46.03858204957792 47.90427827430584 0.22693175554211797 0.06137511596384202 0.4685042695063081 0.012747851930770732 0.34677212684933423 0.14396805436830473 0.7159166489792707 0.03112765458837665 55.115325282921894 4.3934593866548966E-26
650.0043581642399 0.2422 0.4141 0.4688 436.7782 2536.191 0.37833831022208364 0.1064293184768805 29.7468429275328 319.3185170444477 46.14971986523075 48.41766354459143 0.23295148731905352 0.07243838131211165 0.4969631729473142 0.022498802161674793 0.3183731943131072 0.1302262525224502 0.679196147867962 0.03109424514141176 55.115325282921866 2.7948214927830134E-29
660.0043581642399 0.1484 0.4219 0.4609 425.2045 2577.3625 0.3852044761067978 0.10532011116659415 29.862972571644615 319.52630291250654 45.537112439892724 47.08603963147844 0.20447086481128676 0.060679235643079595 0.4435978084041476 0.024961514280840976 0.3427706484511783 0.14951572438217875 0.7436380169788275 0.024148005367841646 55.38986849698741 0.15417177189156067
670.0043581642399 0.2188 0.4062 0.4766 501.9579 2683.2316 0.39158479252992356 0.10712184322940814 30.009496948798926 322.3955823381579 45.96982880468595 47.55631220569665 0.22764475291397876 0.07312864178852262 0.4776807929998243 0.033360920980517864 0.3382986914077323 0.14151948384855845 0.7098726639375366 0.031383198321037545 54.93345473053652 0.004885184532677171
680.0043581642399 0.2344 0.4141 0.4609 357.1573 2651.7345 0.4011687094819196 0.11079465145767771 31.101746694939578 296.0202105802414 46.361680952719304 48.6777803088153 0.2276711676219438 0.0759814969343335 0.49393066873913233 0.03259206616220141 0.3322122756356447 0.14607247962587924 0.7207317166332631 0.03500217546216719 54.90587074505234 3.601544804178328E-8
690.0043581642399 0.2422 0.4297 0.4766 433.5577 2685.3531 0.40310424593308264 0.120068976883082 34.80796909892851 139.79761524676846 46.30416914826905 48.59266413531647 0.2327384452065599 0.07588826892104293 0.4883691964990109 0.03370728153025599 0.3502816611277919 0.15051434347521983 0.735017256137006 0.03108827061760586 55.00178736307214 5.5873524587125E-7
700.0043581642399 0.25 0.4141 0.4766 427.6463 2683.3038 0.4139922168761327 0.11919522488276 35.90797104200237 100.59620088636858 47.08956300671889 48.877601050436326 0.22503948989288314 0.07160832507979327 0.47221401157850884 0.03290636109964093 0.34083568450286683 0.1428058829892504 0.7151961904322451 0.030068891176784487 55.096033918441854 5.6110811942691216E-6
710.0043581642399 0.2188 0.3984 0.4688 386.109 2612.7014 0.4216579356433107 0.11631830187801337 36.035320051777425 99.62026442328879 46.99251883556577 48.716703862475946 0.2231480664748593 0.07349669787479207 0.4760492084796998 0.03577080206097646 0.34310258209014005 0.1495513655266483 0.7319521751256322 0.03247228977528228 55.002364914852 6.945918101264041E-6
720.0043581642399 0.2422 0.4141 0.4766 385.6082 2676.0136 0.43374858852117454 0.11096259067918265 36.27320639214739 99.41831685711182 47.349337915211514 48.90314106238647 0.22815804364273257 0.07355784961681586 0.47875786206999627 0.03372120449513824 0.335206579702279 0.1401804997711361 0.7033842983916675 0.033428791066061746 55.472591634541104 0.2952797606435323
730.0043581642399 0.2422 0.3984 0.4766 386.9187 2676.4405 0.4469091715305981 0.10644463559257306 36.48081130943158 98.88136154851279 47.24708190384539 48.93687307906 0.22759415892317936 0.07561628745311322 0.47757462856011407 0.03868040634271197 0.3358536752850673 0.14477557701072583 0.7047421383030921 0.04213753971299448 55.39585527276773 4.769549702229341E-7
740.0043581642399 0.2422 0.3984 0.4766 406.2201 2542.7132 0.47281251948682335 0.10275230067169853 36.849064443631974 99.2545125865063 46.940739813201105 48.83203702512719 0.22862419688981225 0.07648417368486099 0.4797360197032126 0.03941632481642143 0.33392744998076057 0.14165228158039914 0.7007002229104483 0.038549602866707715 55.396351893206756 1.0786741923023573E-11
750.0043581642399 0.1797 0.4062 0.5156 484.5391 2501.3469 0.4927217036311012 0.10272601325776383 37.18825288159194 100.93506446027683 47.46179357020272 49.10529903333053 0.21265547941209384 0.05599901195383794 0.4124227479507274 0.025757371886318072 0.3519188467111639 0.1337845480728964 0.6825092784701361 0.03229214092349742 55.49829405690005 0.006864442831287337
760.0043581642399 0.1562 0.4062 0.5859 338.6076 2609.9508 0.519761785101979 0.1107469899135793 37.69378506446797 106.23275775214633 47.92896201766196 49.20692005786709 0.21440361537348274 0.04447180420602631 0.36110082589218145 0.02162680479616486 0.42016474132648274 0.14055844420747146 0.707645880128813 0.03186499078993352 55.57936422453491 2.131477581235661E-7
770.0043581642399 0.2109 0.4766 0.6406 396.6059 2632.687 0.5362307728306008 0.11356567885305291 37.971119201779246 108.31077743536173 47.97494526822175 49.25854866680454 0.24587548501871093 0.04657301750801844 0.3791814708722289 0.02096779220465315 0.4448208821838382 0.12923650532146572 0.6859888303557987 0.03270291615738382 55.49624779328432 0.001541196706519218
780.0043581642399 0.1562 0.5156 0.7031 450.0489 2609.3459 0.5453329439930703 0.11509935663609049 38.06205302814774 107.0193379971994 46.85921881646298 48.26051688479843 0.25836408558218454 0.04426622952419919 0.3674511439391069 0.022631869159269707 0.4934676172897513 0.12454910852911334 0.7018206112565352 0.029857960457714938 55.384601346819885 2.844658833932992E-4
790.0043581642399 0.2578 0.5156 0.6875 444.9868 2535.0319 0.5774265471709012 0.1297657734570046 38.933457022983106 119.34960109817192 48.72843190969042 49.75207587635986 0.2570987635052669 0.04342822385882059 0.3739618378258428 0.019190567654516825 0.5053101674722145 0.13630353312319735 0.734996607232312 0.028212624815670252 55.423133204789515 0.15207944013062047
800.0043581642399 0.1953 0.5234 0.6875 388.5434 2559.8175 0.5815318412575314 0.13406359728353798 39.09862459913845 122.56531653274932 49.057210078622845 50.39869280636058 0.2606513412453863 0.04557403438151842 0.3791292236296528 0.021092882076749385 0.5043607000452622 0.13982998428421387 0.7336155637021997 0.03400153601353464 55.48477813581704 0.002182747932082557
810.0043581642399 0.1562 0.4766 0.6562 379.0788 2562.0474 0.5785731274878294 0.13336368012746616 39.03418859213932 121.49722370768511 48.975707798735186 50.513285502875945 0.24780432832220814 0.05155690434560476 0.3776065955386029 0.029283550670876204 0.49361268474670483 0.14374673547525071 0.7521717100902169 0.02312589793009796 56.49519176562027 0.43083464052146425
820.0043581642399 0.1641 0.5469 0.6719 451.9813 2500.4463 0.5892956445090557 0.13558069437743597 39.263137177662905 122.09746968617416 49.01638237958603 49.52053526367783 0.2918317479282521 0.06027555384236082 0.4343542294746078 0.027425229054828876 0.47609141021863044 0.1337357001931638 0.7086011686974965 0.03312186914877474 57.575922307863095 1.377243798325694
830.0043581642399 0.125 0.5469 0.6953 366.7908 2513.9754 0.5702284609036161 0.127441055887075 38.74130822136442 113.83452848404433 47.83127199335287 48.95825859634357 0.297601564884119 0.06138665801893502 0.43287500346780944 0.030380855530519543 0.4890469251734829 0.13172989338451238 0.7113409820705207 0.03235093860430028 59.045588948325516 0.1600459948855382
840.0043581642399 0.1328 0.5469 0.6797 331.1503 2508.7014 0.5568878896070203 0.11805427816502881 38.32104817718866 105.72516894158053 46.81681642932632 48.778150554939344 0.3035244030062458 0.06929685565664477 0.44656463890574094 0.03771426495190384 0.4802295378151781 0.12750631942712337 0.7065446073602619 0.026533201947316776 59.21863713841543 4.023660767572631E-4
850.0043581642399 0.1406 0.5312 0.6875 315.963 2472.8662 0.5412209398627553 0.11308286904330177 38.02958685317898 101.75726337584139 46.50385240999076 48.67111486787928 0.30267409527993344 0.06728976089446329 0.440253229498085 0.03696172087702038 0.47424365500586 0.12438195709512836 0.6898089527357963 0.031161009092341953 59.370025207012894 0.17531419159635547
860.0043581642399 0.0938 0.4766 0.6562 410.4893 2541.9585 0.5335669211748469 0.11053336395717439 37.928476512051716 100.22190628870035 46.89804788019273 48.55967155451797 0.26965632948460355 0.05932282842933695 0.4109048830241578 0.03203208071671843 0.4373210301831165 0.1231984270520926 0.6663939507552252 0.034016437558127756 59.54552839616596 2.212121080179352E-5
870.0043581642399 0.1562 0.4297 0.6094 286.1702 2562.683 0.5137935155708088 0.10452327158747239 37.57226454064991 95.9035469233194 46.39139617818645 48.18435092912716 0.2814997744810145 0.07093552937917545 0.4619483478662802 0.03255707069926658 0.41196953447631285 0.1305378690839314 0.6760525693970262 0.03445008128388181 59.54835389282136 4.218789157901116E-10
880.0043581642399 0.1484 0.375 0.5859 316.6894 2606.1529 0.4826427698259765 0.09897241900192637 37.096418259557254 91.29397354222394 46.52034522391702 48.03308895545299 0.2665777791754223 0.07583172612282775 0.4549594097927207 0.043279453466099904 0.4151954222318166 0.1428061187622687 0.7086001872756337 0.03436995572280035 59.43088315077465 3.586563206603944E-4
890.0043581642399 0.1172 0.3672 0.5781 316.5818 2586.1681 0.4589882126130566 0.0977130475740829 36.789293244680806 88.69241977565191 46.361708086062194 48.453598773282124 0.25021661916464516 0.06889930221453207 0.4328071250415484 0.03975688301396151 0.39681508400216464 0.13680813816173656 0.6863828480037443 0.03653166989280848 59.519162041720996 0.006303486920114901
900.0043581642399 0.1641 0.3594 0.5469 272.3321 2643.2824 0.43739502183051554 0.09478512768626539 36.439735855980274 85.81295183343477 45.86206283526106 48.106682486206324 0.2395377300296802 0.06914659360327562 0.43801184919712954 0.039075887982820225 0.4010071975495355 0.15095050332686213 0.7332703040905793 0.030666769282772174 59.69774612498568 0.20945973439431703
910.0043581642399 0.1641 0.3594 0.5469 339.0318 2564.1699 0.43095945666047547 0.10125039409981872 36.40437310569631 86.04340467200353 46.13106656060464 48.055906648418954 0.23060656312539363 0.06349097857650057 0.4157414095781744 0.037123007362100016 0.3907880058643942 0.1403553096667086 0.7045192218400346 0.030457394361427192 60.06298171148034 0.15610966344729324
920.0043581642399 0.1328 0.3984 0.5312 276.9571 2526.7657 0.41596424451361136 0.10414060114091242 36.18095293585727 84.71414168197099 45.79257128192762 48.22007063371633 0.2207572500343808 0.05995347076508019 0.41554305888824616 0.03149316731496327 0.38935660823912055 0.1482892309187129 0.7329065566854034 0.02553748750212029 60.138817239920265 0.022144709309016266
930.0043581642399 0.1797 0.3906 0.5469 356.6919 2584.3946 0.4074242642140579 0.10350521820760397 36.036165091680495 83.83317219392534 45.62011134709589 48.21956649054724 0.22197076067706006 0.060726794336212 0.4058893909523384 0.03603999163468772 0.4051869989479375 0.15066870344240216 0.7409133695048001 0.024968614294520654 60.52170932909104 0.012504611389435183
940.0043581642399 0.1406 0.375 0.5469 273.1584 2549.7261 0.4113058014989407 0.11116648611281017 36.12681668021708 86.74051130317328 46.338256976026045 48.4137422654716 0.20825023968355402 0.05703025318231278 0.38080043827849874 0.038309257487738294 0.3932001588391849 0.14514614530986214 0.7189945761630809 0.029513784410811855 60.63196196671887 5.052661420446714E-7
950.0043581642399 0.1641 0.3672 0.5547 357.7778 2563.369 0.4111487278046589 0.11221464593235253 36.11833071679321 86.52035152099212 46.19426232036579 47.86382360375925 0.19926615621044025 0.050509048965387104 0.3592403942948782 0.033347648922633505 0.40288274209953634 0.14805939130768075 0.7263238167428261 0.03034304046295813 60.7830577776247 0.18380975307216427
960.0043581642399 0.1562 0.3828 0.5547 299.3763 2535.7594 0.4085553928826941 0.11176320722403824 36.09722680197611 86.72666411191257 46.131184456059216 48.3991028630001 0.19646223625798737 0.04641863121789672 0.3541854400143998 0.0275553505677676 0.40509073770909904 0.1471834771631089 0.7303044285459813 0.02613495280193962 60.975148950331246 2.3635837284265022E-5
970.0043581642399 0.1719 0.3906 0.5469 402.3 2540.7507 0.404637234426847 0.1127390625705617 36.03281230017732 86.94657877990691 46.197226848309235 48.01467510156513 0.1990111886703413 0.05060063567715643 0.36918017608411136 0.030757243766373645 0.3887277676584537 0.14586439368501242 0.7211181776852474 0.029205545465514567 61.14660252480519 0.1776081282670474
980.0043581642399 0.1406 0.3438 0.5078 404.7587 2665.4904 0.3464846443904847 0.07078975272846394 34.86952485505664 70.1941142174872 42.484643980080854 45.770713944663406 0.19508922632597162 0.05856209504557625 0.39017845265194323 0.040725886881659 0.3483514060108205 0.13929602828479296 0.696702812021641 0.03425336074992239 61.04467000163713 5.660272779752144E-7
990.0043581642399 0.1562 0.4766 0.5 360.1735 2559.4664 0.3568609182583231 0.06387802107217568 34.992618684427015 71.02777103456894 42.45198268249386 45.5415107549331 0.21630563662589725 0.060934232397229136 0.4326112732517945 0.027774080549569074 0.3478929791304967 0.13780712955414018 0.6957859582609934 0.03190041686594249 60.74275413268966 0.0030443785035583104
1000.0043581642399 0.2734 0.4688 0.5156 333.8608 2585.719 0.36080754806486387 0.06108887147479839 35.02996875250437 71.35468472767369 42.160579401071125 44.91344076429861 0.2338488735284063 0.06826655399124325 0.46050239710209245 0.029461100738472294 0.3551901712532655 0.14010119693490217 0.6994514141602768 0.033456893019689515 60.72319587080216 0.002880467638723662
1010.0043581642399 0.2891 0.5312 0.5938 332.8251 2569.0355 0.39650657697482855 0.07069226155399942 35.56738939079761 77.73606367026912 43.40925414659574 46.57990756887764 0.27186111397896023 0.0674604247891976 0.4639763011907588 0.025435228389804946 0.38967937096822985 0.13293422810599714 0.6650527931191123 0.04253117841953598 60.63632405216078 5.772777725531369E-8
1020.0043581642399 0.2031 0.5078 0.6016 320.0716 2527.8092 0.42543474737140374 0.08128228042486356 36.08372682250176 84.77013469481585 45.265574552441954 48.4247130426158 0.2620721706370964 0.06273377788815261 0.4356524395006279 0.02821576826537256 0.4383276564550864 0.14543192853945883 0.7286485717694943 0.028699040283089373 60.65256347488713 5.0882056611643025E-5
1030.0043581642399 0.1719 0.5234 0.6172 250.651 2588.6604 0.43187698157592447 0.0808888433219351 36.15976360688849 84.85134779147685 44.467944060867225 48.120482525925794 0.2631045926978271 0.06106456000179874 0.43176138288874194 0.02695167507595825 0.436477589620911 0.14117314792650065 0.716270916300982 0.029833501734219173 60.79459232796665 0.004812437856193984
1040.0043581642399 0.2188 0.4688 0.5781 267.9131 2544.9424 0.4136762270762977 0.07410066884865041 35.86701500474915 81.51059669679982 43.58923364604463 48.630501652766725 0.24353127496946805 0.060974428201950134 0.4212432864336745 0.030193328661664347 0.4287819764747977 0.15190992751716884 0.7416769322807312 0.02903568417135914 60.256661811300084 0.8336775731520744
1050.0043581642399 0.3203 0.5625 0.5938 353.4798 2575.3719 0.3995927314094991 0.06495220282867864 35.589795493671446 76.26281541720705 42.77943117016707 45.82669052202312 0.27778890041647414 0.0667434601786296 0.4740930567107825 0.020222116621499628 0.41130945459019475 0.1412068675568074 0.7019681358339324 0.03555117881038299 60.17882577982385 4.584702667185747E-6
1060.0043581642399 0.3359 0.5469 0.5859 322.4235 2615.3189 0.3925984930252065 0.06122111847801577 35.469058461313054 74.96082484992735 42.47592630960163 45.12107320293647 0.29234898855052327 0.07456760312698431 0.4989422737928931 0.02350305858701517 0.41567696598509285 0.14362319594473852 0.7094220219478918 0.03528317594064025 60.178377014843036 2.2682553273473365E-11
1070.0043581642399 0.3281 0.5234 0.5547 231.2866 2636.4683 0.37647866770565386 0.05554022980442969 35.220315872157656 72.23411801273598 41.7539508173259 43.403225241987585 0.29162685678183364 0.08428721479486492 0.5257498263109113 0.028072548983014763 0.4054097400066898 0.14896108159728033 0.7308795312796661 0.028980479428191895 60.1783809258939 4.628456167264011E-16
1080.0043581642399 0.3203 0.5625 0.6016 306.8158 2617.8001 0.3910311410254922 0.06177322186671524 35.448826028313505 74.98500228162433 42.38293240527197 45.01341793050739 0.31640881694694256 0.08525140507313766 0.5259782931066058 0.030780207917699882 0.4213544007120355 0.14111099384458053 0.7004332894953318 0.03775569898189987 60.17838091386772 8.108940466160122E-21
1090.0043581642399 0.3125 0.5547 0.5781 297.5386 2534.5382 0.3889966247331772 0.05930687042461016 35.41403290324105 74.28143391357551 41.608782518633724 46.15552290828657 0.3045642103148182 0.08666688982239219 0.526813769193199 0.03208862396150193 0.4158346238272075 0.1459196402494499 0.7192815114848994 0.0326065458486843 60.17838091387625 5.4150117200331E-26
1100.0043581642399 0.3047 0.5156 0.5547 305.4775 2509.41 0.3888440347531096 0.057845098553566086 35.39240245540106 74.01415116458823 41.74687917822758 45.48288750420017 0.2898956251352099 0.08655426645392653 0.5226287326381249 0.033663545706125904 0.4008872509106738 0.14619217465581644 0.722726311500933 0.029309937473124922 60.178380913876346 1.0818663843031018E-29
1110.0043581642399 0.3203 0.5312 0.5781 259.1218 2581.6693 0.39835205092036746 0.06004685811047597 35.51281900535669 75.10722971577361 42.12357483096732 43.59761359777554 0.2938357872876086 0.08193108747589352 0.5152189146960808 0.02887238279240313 0.4065661494830537 0.14285851989590487 0.7128831114223407 0.030585475506159896 60.17838091387635 0.0
1120.0043581642399 0.3047 0.5156 0.5625 280.9031 2609.7639 0.4169562653329488 0.0726762158014613 35.87061380888705 81.5428289547992 43.42137525921307 47.98896686280908 0.2780237339369725 0.07523824571314403 0.4942644158879511 0.026195659886731917 0.4027575256479973 0.1450465098165108 0.716013378929773 0.031994918933722256 60.17838091387635 0.0
1130.0043581642399 0.3125 0.5312 0.5625 252.2915 2448.9406 0.42439656868785475 0.07335603055483454 35.97342698783152 82.47404791741575 43.51432202659706 48.01271749824966 0.2757222174594529 0.07287535575059705 0.4901728310390274 0.023756111904621964 0.3964502979107833 0.1406795151759921 0.7048005296191703 0.031251678182815455 60.17838091387635 0.0
1140.0043581642399 0.2891 0.5156 0.5547 306.5682 2522.0004 0.4211197717655811 0.07353240939485021 35.93094718382046 82.25186439458648 43.72303087699854 48.111308618289314 0.2783019054470609 0.0748743434550324 0.5017273788341379 0.02214336489646594 0.4006761251732081 0.148365787287822 0.7223456904531076 0.03350192378904762 60.17838091387635 0.0
1150.0043581642399 0.2969 0.5312 0.5859 276.9307 2598.3072 0.42211708187046076 0.07504124280366889 35.93984596275311 83.11024941189682 43.892924787189145 48.12586387998632 0.27882156199020297 0.07099026761995969 0.47585546579661303 0.026807965975953328 0.4084452092911348 0.14278659247790182 0.6970798238568701 0.0411323618061844 60.17838091387635 0.0
1160.0043581642399 0.2891 0.5234 0.5547 251.5377 2535.8515 0.43550833472300415 0.07856909941689166 36.1311988636482 85.41182190546829 43.970810983027285 47.90515681157308 0.2739035490855846 0.07430864383275348 0.4937979476472511 0.02468251677756274 0.3841311753879477 0.13774356687682324 0.6925181753472861 0.03329167449939087 60.17838091387635 0.0
1170.0043581642399 0.2891 0.5234 0.5703 286.5778 2497.489 0.43215731944490665 0.07821028360841924 36.064398993723756 85.7122595265391 44.476815605330685 48.04683243439037 0.27386816480182097 0.06886427746942816 0.47371790668423086 0.023835692284922824 0.3899065981414501 0.13467804206144493 0.6744330346230488 0.03978018179154463 60.17838091387635 0.0
1180.0043581642399 0.2656 0.4766 0.5547 184.6893 2536.6569 0.42459861543835564 0.0757768362047103 35.9312163595634 84.8542760281518 43.78162561214872 48.18777211065756 0.25613346586520375 0.06854309709589514 0.46176174127811376 0.028049044641719034 0.38829817198432315 0.139667953876987 0.7000305072393431 0.032057969480035815 60.17838091387635 0.0
1190.0043581642399 0.2812 0.5156 0.5625 292.4436 2480.0852 0.42171963814000835 0.07443946012742353 35.86291424840488 84.484556773698 43.52197551691559 48.0489101281797 0.2662073564328823 0.06933623712346132 0.47992312145646393 0.021763362625783763 0.38330504980347924 0.13754434067255472 0.6910288221809203 0.03386093643739542 60.17838091387635 0.0
1200.0043581642399 0.2891 0.5 0.5234 261.856 2545.5938 0.4219513617942998 0.07303653567001163 35.826227946781025 84.28000685167811 43.25163288653412 47.19133042182175 0.2563581617253347 0.07203698303653086 0.48975887613198266 0.02257457651566513 0.36904064627005984 0.13997483827692872 0.7050328764562337 0.028870778343303562 60.17838091387635 0.0
1210.0043581642399 0.2812 0.5391 0.5625 260.4924 2584.325 0.42735417703683093 0.0760660625925415 35.75544271873437 95.2995039504484 44.01194963597719 48.065398491580154 0.2706598946273559 0.07087932857080105 0.48795023256762754 0.021053812746761488 0.3815728816734906 0.13815430757879246 0.6879060402000958 0.03691255039944108 60.17838091387635 0.0
1220.0043581642399 0.2656 0.4688 0.5234 223.7376 2535.6367 0.41286718215060064 0.06351953808634318 33.83848628451572 168.62289272572787 42.74784791856123 47.031195321934504 0.25092139692663384 0.07199162147552354 0.47937222099416615 0.02735706575259189 0.3823925045369245 0.14884512391572777 0.7305409041899453 0.02822386984978487 60.17838091387635 0.0
1230.0043581642399 0.2969 0.5234 0.5547 302.0032 2560.0472 0.40460089585028175 0.054575523467627216 32.35713860943724 222.93617524885107 42.06311476716601 44.22477555315159 0.281746943701971 0.0777259862187663 0.5079381520260885 0.024484700002480115 0.396248411169386 0.14486218752678412 0.714363332812414 0.03232533836143071 60.17838091387635 0.0
1240.0043581642399 0.2969 0.5078 0.5391 236.7241 2557.0964 0.4261480561002897 0.05655335392865373 31.061716320128472 297.0804810652064 42.569691380493516 46.480519479000705 0.2699794281460449 0.07357997655027262 0.4936766686099107 0.023395209136585795 0.387530766156621 0.1432710723248316 0.7086276866863926 0.03286600616600072 60.17838091387635 0.0
1250.0043581642399 0.2969 0.5234 0.5781 266.0339 2512.2094 0.4252579584117612 0.05571880231958805 30.567269428767847 316.4734256933897 42.737077254034396 46.905584123880146 0.27251542445385346 0.06804255631949406 0.47137803148774654 0.023351839709644797 0.41212365590633315 0.1461845168869236 0.7128625399460897 0.036998736631389396 60.17838091387635 0.0
1260.0043581642399 0.3203 0.5156 0.5625 275.1925 2540.7565 0.43541444598030715 0.05863712057398978 30.73806133028013 320.4539165261724 42.79813411468153 48.070737559976884 0.2764342730932213 0.07397432775432822 0.49836037966101876 0.022031399075236085 0.4015585779887611 0.1491129471923428 0.7239365913036819 0.03381823212035865 60.17838091387635 0.0
1270.0043581642399 0.3203 0.5234 0.5703 236.9789 2456.9527 0.43279338203712175 0.05892530507196519 30.706482583750713 320.0097048718939 43.03888090914903 47.599551977465495 0.27880671491549847 0.07373933726153367 0.4956563820719973 0.02290317585803758 0.4056445324857241 0.14733429183789237 0.7211458355301762 0.032814628256100015 60.17838091387635 0.0
1280.0043581642399 0.3125 0.5156 0.5625 251.7527 2546.1107 0.43761830134822616 0.06009841931362546 30.783712131346956 321.73587646217777 43.10605310593244 48.12852510421692 0.2799099755036379 0.07357574911526324 0.4976177342286896 0.02174623578793313 0.40698560124786864 0.1501462807421071 0.7235299577739888 0.036316426206479825 60.17838091387635 0.0
1290.0043581642399 0.2891 0.5078 0.5625 223.5988 2612.6855 0.4296579797071281 0.056334999760308375 30.625437631174982 317.5920923678898 42.4985067131043 47.659668676050956 0.2678830119360255 0.07042381753289614 0.48294402151846844 0.02242274827240799 0.3998604960569028 0.14805995778750944 0.7208752604969516 0.0339055843048352 60.17838091387635 0.0
1300.0043581642399 0.3047 0.5078 0.5547 236.4681 2556.7393 0.43736028983994213 0.0613329812613876 30.790449891337264 322.27006794866276 42.974040320313776 48.15895657046517 0.2798851011723525 0.07585183199057331 0.5045815908459312 0.022619501362806736 0.39301376820089307 0.14428597159763482 0.7085318637987931 0.03502771521467979 60.17838091387635 0.0
1310.0043581642399 0.3125 0.4844 0.5391 261.2442 2602.3338 0.43867396240245526 0.06089467304633707 30.80484378913927 322.36417533076764 43.00964510748004 48.16409309065925 0.2718411737125457 0.07532858815371737 0.5042850758725484 0.021745431290855793 0.3833654389496696 0.1442250924786189 0.7111706693559088 0.0328077889862482 60.17838091387635 0.0
1320.0043581642399 0.1797 0.5078 0.625 298.585 2584.4652 0.43789963375342944 0.05966701278083285 30.762227710458884 320.81073419316664 43.35979669375055 47.296306921485524 0.2707246588889241 0.058357388638393626 0.4331594542222786 0.022564240172300205 0.4639995834578554 0.14846203021906346 0.7423993335325687 0.029366768670037784 60.535690050552496 0.012529527166504958
1330.0043581642399 0.1875 0.5078 0.6406 266.3586 2533.3875 0.43317579839757914 0.056126317071495985 30.659843836121397 317.88707665822284 42.83993008547255 46.119718304947696 0.28570385852046903 0.06024557758102293 0.4406035408508438 0.024225517394401135 0.4742137080640861 0.14430206318893046 0.7313175256891931 0.03317471002042164 60.39307781704433 5.849216898867057E-4
1340.0043581642399 0.2109 0.5078 0.625 333.7623 2618.4288 0.4346300824880666 0.05400104332314682 30.648993100591724 316.93929871274065 42.64053123579519 44.4463119275067 0.27442878603611026 0.06169140896169456 0.4446441090205331 0.023790704209758713 0.4542811136441498 0.14543927065440437 0.7360504119803947 0.026749629888815577 60.257567054976306 1.5161894493486699E-5
1350.0043581642399 0.2109 0.4844 0.6406 286.5249 2496.1545 0.45397207221441477 0.0614848993725618 30.952811913046123 323.8874215334902 43.315199243673135 45.542958070273514 0.26751205583052934 0.05979979375217372 0.42273510057170066 0.028493715283999754 0.4671951076698382 0.14338427203898074 0.7382836269350529 0.024980563948011583 60.40793779707764 0.18153865416491724
1360.0043581642399 0.1719 0.4922 0.625 280.2213 2544.6921 0.43698007361550506 0.05717398723663989 30.705113323711497 318.7144758341244 42.85324331929337 45.19228766445079 0.2696666371845174 0.06126782722797343 0.43692822227364847 0.025738343625217482 0.45378797185966163 0.14763924119354632 0.7352513974435024 0.030787433966535868 60.3557709737546 1.6274973395653293E-5
1370.0043581642399 0.2422 0.5156 0.6328 254.6003 2633.9211 0.46310774519108633 0.06714482613594148 31.14965785633567 329.22840333792146 44.25137515471313 47.72142816398716 0.27993784529885735 0.0635019519191788 0.44237091602782397 0.028055486551466308 0.456220835085748 0.13920350059449144 0.7209415665552561 0.027751776112908865 60.12648523830153 0.016653263447693113
1380.0043581642399 0.2188 0.5625 0.6797 373.989 2598.0318 0.46980520141337984 0.06969787300146074 31.250669334043515 331.3980037882875 44.40389771463984 46.59822423394705 0.2906910510867085 0.05791569061642274 0.42768338550688145 0.026256042567531068 0.4902000499387181 0.13955506060662695 0.7212138665765048 0.03753942659462073 60.19847098824086 0.17976842391591302
1390.0043581642399 0.2188 0.5547 0.6875 278.4645 2604.6449 0.46969381928367826 0.06781867343535095 31.213978795945128 329.95877514017053 44.03560658287244 45.45596300846148 0.2859055567583359 0.05729607248758469 0.42553385191938364 0.025491488307258437 0.48009758235504335 0.134088702502586 0.7145638435051808 0.030832112026017707 60.45664770623743 0.7375930328914733
1400.0043581642399 0.2031 0.5703 0.6875 256.6949 2516.6134 0.4778909823854959 0.07292075578820155 31.400734037709224 335.04542145644103 45.04916018362119 47.03807310488099 0.28789401437464707 0.05784746035559647 0.41875492999948666 0.029015470709099933 0.47708278737623344 0.12662269414418337 0.693938599819976 0.032625697672509224 60.92202758834027 0.003135585842121248
1410.0043581642399 0.2188 0.5234 0.6719 303.0757 2539.9776 0.47571843079876497 0.0744696474854628 31.376172453943937 334.9229343844048 44.95877706070066 46.891812423704366 0.2817850607319441 0.058201291497821175 0.41940102062428886 0.02856428768684468 0.46979953411845266 0.13452252441806276 0.6992365158972318 0.03867434171758293 60.50832498937252 0.17850488478887216
1420.0043581642399 0.3047 0.5234 0.6172 273.4801 2553.6771 0.4456643680971695 0.06161404575354216 30.87650531266945 323.19188219686555 43.597892401653375 47.083759359244084 0.2816190399501037 0.06275497574619068 0.4505904639201659 0.02378391056319622 0.42189862757951974 0.13680540988017822 0.6750378041272316 0.04688615119943278 60.14229563143652 0.0013694828158818584
1430.0043581642399 0.3359 0.5469 0.6016 285.7055 2545.8356 0.4633968742816404 0.0657848171969404 31.128942345288312 328.3111887320597 43.56875011703684 46.898661676811024 0.28754631317849355 0.06925334459418402 0.4779990660629503 0.023491900484920825 0.4064669203261553 0.13308593591236195 0.6756852701525699 0.03809321850747685 60.13788600284012 8.868153491671743E-9
1440.0043581642399 0.2344 0.5234 0.6328 361.6662 2586.3868 0.4782069549808661 0.07897779016266535 31.51152297847034 339.58298562678385 46.68151625040839 48.185454437027644 0.2724140100316785 0.06488499207492379 0.43048139856857837 0.03410929105242583 0.4593128871824619 0.14203643248950484 0.7258277723377176 0.029620882372668623 60.559052794105924 0.6742556580082004
1450.0043581642399 0.2422 0.5078 0.6484 320.4928 2562.1172 0.48360653817338095 0.0829471944144467 31.631235912782437 342.80782438411023 46.39505065603138 48.317798720494814 0.268943059007473 0.061950665267266204 0.4147555608789945 0.03473391672196031 0.4614664124954639 0.13676746966942377 0.711659045776137 0.03159957369725832 61.008217573471484 6.960569950517048E-5
1460.0043581642399 0.2031 0.4922 0.625 350.0565 2646.2252 0.47765799986589086 0.08220648383493928 31.565292392730097 341.9522787759813 46.61461250132312 48.34319333074642 0.2555836607943478 0.0588349665219378 0.3989598607521526 0.03433987838417692 0.4706850303847877 0.1416367922736557 0.7347278523079613 0.02567782901605725 61.00316224283229 1.2164790870637954E-9
1470.0043581642399 0.2109 0.5078 0.6406 323.1177 2677.9863 0.4863675573253651 0.08246495958025948 31.68619690841917 343.998368498794 46.62888835906286 48.15598228514417 0.2681605035509707 0.06239323086406405 0.4135487283677621 0.03577506992497336 0.46544464538354735 0.13653272952318954 0.7177941519167959 0.028115263988618217 61.00316781677445 9.398388910013975E-15
1480.0043581642399 0.2266 0.5156 0.6562 346.5661 2525.9261 0.49025269302200675 0.08474893642916477 31.756075542577847 345.7027089504904 46.71095848553262 48.20712716202245 0.28234125860968456 0.06095184975885069 0.42517271884752494 0.030702398750474265 0.4780362122614021 0.13472036044325408 0.7198662961112878 0.027526583364319464 61.00316784830276 5.266796145741211E-20
1490.0043581642399 0.2266 0.5234 0.6484 278.0767 2652.1859 0.4910845092523404 0.08502404080853686 31.773485316709632 346.203421088434 46.99619458771835 48.43618039478162 0.2752740482456307 0.062205615131602165 0.42451901416193644 0.03221286683367626 0.45397799932542526 0.13029266496810027 0.7001106495621016 0.027373183063299347 61.00316784810304 1.297921412135673E-24
1500.0043581642399 0.25 0.4922 0.625 381.055 2640.6413 0.4893925733625398 0.08236969464218177 31.699442881606178 343.7013452631503 46.705373795524345 48.17613965076316 0.26792432451268 0.06249432395820271 0.4233865868842351 0.03256634467066768 0.45710724391588925 0.13888607240336065 0.7223423113732571 0.026496246859883305 61.74497121065779 0.00853035766596554
1510.0043581642399 0.1953 0.5078 0.6562 292.4512 2619.1784 0.477468701620002 0.08125428777359407 31.528129727808256 340.5174182234328 46.34219835476933 48.356831205076666 0.2581543774481111 0.057778079770519054 0.3933780989685502 0.03457248058137633 0.4667709018667023 0.13390677394229233 0.7112699457016416 0.028893437030534565 61.72563301717658 6.494155038305541E-8
1520.0043581642399 0.2109 0.4766 0.6328 279.8206 2722.0091 0.47878434676663884 0.07457404260849838 31.42040372062327 335.73077677856526 44.886455852221815 47.620088427385156 0.2497401059368789 0.05759505605515608 0.3946510316039568 0.03352803960354879 0.45378058590285486 0.1406133718145664 0.7170853703156225 0.0320515688086631 61.72564629089917 4.01230448761203E-13
1530.0043581642399 0.2109 0.4766 0.6641 313.8764 2730.373 0.4706373371902391 0.07227892694804064 31.29207608145099 332.9623221833589 44.791014384326104 47.190819451206146 0.26203835584034907 0.0584214485929037 0.39459893585370215 0.03539668508926405 0.46440689210333913 0.1310013296059941 0.6993421434026754 0.03180545800686556 61.72564659578189 3.1780656592266834E-18
1540.0043581642399 0.2031 0.4609 0.6406 277.7319 2586.9134 0.4615057047676446 0.06745510656776366 31.12170150937992 328.6752877973674 44.315112128399555 46.91829440838938 0.26212202301585935 0.0599874104748878 0.4091660847076829 0.03314610869321181 0.4512447068883556 0.13425057913695815 0.7043819814842625 0.02998501326997111 61.72564659430571 8.104907229512562E-23
1550.0043581642399 0.1953 0.4766 0.625 265.7186 2652.9512 0.446702689112147 0.06404056881457758 30.92029393204914 324.82572133635574 43.80340056502516 47.85570311315083 0.26152031296083283 0.06112109699262374 0.4184325007373325 0.031769703643851586 0.45563244486502824 0.1410205576932939 0.7290119117840451 0.024884301283006074 61.72564659430873 1.0530166140550192E-27
1560.0043581642399 0.1875 0.4922 0.6406 345.5005 2628.3557 0.42460939950049775 0.05511407509443313 30.545960042555237 315.8125888330016 42.91571223336434 47.042687032662116 0.2805033476905125 0.06290142511750056 0.43785888419982444 0.028873091105614136 0.45928002873416546 0.1359618596023996 0.7169249229021118 0.02618232600903165 63.3520807188847 0.004122012418614795
1570.0043581642399 0.2578 0.5625 0.6562 366.5259 2558.1179 0.38963528662289 0.041853126741659724 30.012345199836403 303.5605768120384 41.324268159676215 42.74011209763738 0.32096772259526485 0.07108746488875167 0.48909367252611785 0.025552332816712337 0.4533756740174465 0.13045129903276786 0.6908581699313471 0.03356277452609424 64.35773250709082 1.1550898460946422
1580.0043581642399 0.1953 0.4766 0.6406 313.9242 2642.9049 0.4051537253023695 0.04600839288927482 30.227785540614178 308.07185710489205 41.72157734269938 43.361635543126894 0.27958446977068135 0.06302533021115209 0.44181249544008905 0.02748241324824256 0.4737166498456851 0.14638517535073053 0.7485892738302184 0.024047684160091235 64.62840925582609 0.01366646241951945
1590.0043581642399 0.2656 0.5312 0.5625 374.0102 2536.6397 0.44064886859503916 0.06126332409174285 30.797894754254756 321.6074075964917 43.68975376842225 46.34165338781745 0.28871729353839853 0.07625724399359371 0.506244021546781 0.022858233052533684 0.4038025000364671 0.14073939317222506 0.7080372603379149 0.02984730640950604 63.75697590054602 1.5043647370825721
1600.0043581642399 0.3203 0.5234 0.5703 321.786 2562.8767 0.4226215875732818 0.052605044025078276 30.496442632445603 314.2501868933744 42.17805054409125 46.54678944897634 0.3001388521625687 0.0837527565696672 0.5191590956325512 0.030442877691651264 0.3946272921610469 0.13942007300086423 0.6825985594137027 0.043291234655463834 63.13795316267693 1.4834926897502708E-4
1610.0043581642399 0.3281 0.5156 0.6016 322.0704 2423.0676 0.4543126601939164 0.06560060444234082 31.011460893382942 326.34027122727497 44.093587550694394 46.87290194399897 0.30564151634139974 0.08129685777016701 0.5015655652781945 0.03454205118179581 0.4075139186158622 0.13418272282283966 0.6687407895234663 0.0443525560344413 63.133658332834244 1.9319863927400555E-9
1620.0043581642399 0.3047 0.5469 0.6406 334.6465 2652.8375 0.4301858789290265 0.05630688073161197 30.624378084196675 317.39518456749323 42.97130316895741 46.832187976906184 0.3278537127475898 0.07775003837913894 0.50560572568303 0.029449301564972087 0.4265099946244672 0.12898157160395637 0.6577503531558049 0.04581085502694991 63.133654459510986 9.736750528436411E-15
1630.0043581642399 0.3438 0.5 0.6016 293.5849 2598.004 0.4371110376256982 0.05862549918000676 30.733735163128053 319.879922756597 43.07332892961384 46.601612232695274 0.30557070562094146 0.07988254095812364 0.5079616924607858 0.029328340121125812 0.42368195521624163 0.1410513010066499 0.7043024710088173 0.03546187606357367 63.133654527570805 1.3613568457681915E-19
1640.0043581642399 0.3516 0.5312 0.5859 268.8975 2562.5222 0.4515570544049584 0.06449191055637887 30.989941950643534 326.10734216156834 44.669293797436566 47.29729670351773 0.30833735800624656 0.08265609752034624 0.5262290909973275 0.025645293797355386 0.4132152365942349 0.14099042218641922 0.7052206704541609 0.03325896661423806 63.13365452731801 2.929556230728801E-24
1650.0043581642399 0.3359 0.5 0.5625 222.0093 2562.4387 0.45029729366524085 0.06361749705912671 30.960601194204404 325.28732200259043 44.12052913951236 47.7160725336639 0.29476105196916086 0.08272431608082668 0.5240196479451749 0.02614359876251474 0.40050526395719677 0.14501607788841533 0.7120093581461276 0.03447726929672449 63.13365452731826 5.679798517591285E-29
1660.0043581642399 0.3203 0.4766 0.5547 276.7392 2698.7377 0.4651820482567392 0.07168966452297153 31.249559586496154 332.74132422151405 45.54560410155408 48.135331855555485 0.2783246142648443 0.0768615140396366 0.5017683186746488 0.025730103993481496 0.38820051897604935 0.14256464587061002 0.6998544567455537 0.037424711664813676 63.13365452731826 0.0
1670.0043581642399 0.2969 0.4844 0.5469 239.6769 2611.051 0.4589583310723107 0.07008877215218197 31.151528868194664 330.625268125758 45.310046599296506 47.712071248005714 0.2731928305643172 0.07663446712777719 0.49955260446046573 0.026334410196876518 0.38310452775299353 0.14321446583955086 0.700533993605474 0.038004753094269886 63.13365452731826 0.0
1680.0043581642399 0.3281 0.5 0.5625 236.7752 2457.8791 0.4561613653685842 0.0631071675575243 31.023904272358113 326.0658797863698 43.490507725012286 47.971758716371525 0.2875801551808238 0.08119260865777066 0.5112536092103535 0.029267370876374207 0.3835932762283674 0.1368908086726842 0.6819436021837644 0.038537320983250786 63.13365452731826 0.0
1690.0043581642399 0.3047 0.4844 0.5625 282.5992 2590.0547 0.45875766790308276 0.06588617769939338 31.07591872099206 327.5350366592767 44.12839975481146 46.802648397218704 0.27966838359724366 0.07870039953687658 0.4971882375062109 0.031102425640500763 0.3873735604700231 0.1379402630278512 0.6886641075022633 0.03632786529912126 63.13365452731826 0.0
1700.0043581642399 0.2891 0.4609 0.5625 246.7683 2580.7492 0.44793434203648713 0.06464096527734634 30.944643528601013 325.4027775287105 44.51033953673341 47.97806541579657 0.26540519309786786 0.07355431071459646 0.47847696783840965 0.03004217077653908 0.3844310412097315 0.1410873559179177 0.6930587785189525 0.0390199379196741 63.13365452731826 0.0
1710.0043581642399 0.3203 0.5078 0.6094 314.5551 2612.5012 0.47500119937140545 0.07281022044392076 31.38125850150345 335.0968676422285 45.16669379205712 47.72742228194851 0.2903440367632559 0.07457016833988858 0.4826498273467111 0.030573051568477443 0.38576680173411215 0.12888690076679735 0.6412746834021605 0.04937012804314231 63.13365452731826 0.0
1720.0043581642399 0.3203 0.4766 0.5547 272.024 2579.4047 0.47509136719371936 0.0708562243896629 31.356392943130025 334.01143816379334 44.806583921017605 47.87443203741355 0.2688497925189978 0.07370438033261881 0.4779551867004406 0.030486756995580407 0.3777571837016221 0.1333595341927044 0.6715683265806615 0.0384511873039922 61.728951582827236 8.668952247039422E-4
1730.0043581642399 0.3281 0.5234 0.5938 303.6898 2649.4647 0.462700697604126 0.06669525581686957 31.146127942440465 329.1548458742868 44.160902973425465 47.371126531570305 0.2994246010084239 0.08161755153815566 0.5110179857210435 0.030484150699529956 0.39570761622067074 0.13379679409365602 0.6753409983499448 0.038224341762941025 61.72715534573639 2.301693891029359E-9
1740.0043581642399 0.3281 0.5156 0.5703 256.6478 2669.953 0.46872077876959145 0.06848321032483759 31.242746523138884 331.26767973503064 44.95714590637031 47.1029933390122 0.2777365567969986 0.07518363095691621 0.49375387875021975 0.02632176068916095 0.3835773398270343 0.13601939640383828 0.6819152708036166 0.03699574072957221 61.72718902228858 3.303200524974005E-14
1750.0043581642399 0.3281 0.4922 0.5781 234.3521 2540.804 0.4563222030640121 0.06259014802669348 31.006182984515856 325.3147051742956 43.58461207251533 46.22268563025233 0.28712233211361166 0.07677399568009158 0.4900221134738972 0.030991810472361082 0.4022945109439926 0.14140406816570394 0.6865826320110806 0.04485500238060721 61.72718889799416 7.082738729196535E-19
1760.0043581642399 0.3125 0.4922 0.5469 203.3775 2573.6892 0.42486315384105056 0.05436026620349136 30.556546401630026 316.03233320912767 42.30230086633031 47.05713899498181 0.2897522178563619 0.08834760445217467 0.5298326269373475 0.033564860841393804 0.38886725850847903 0.1467163868012669 0.7110715584155045 0.03761245170067162 61.72718889815956 5.921253063461332E-24
1770.0043581642399 0.3203 0.5078 0.6016 290.1774 2606.9851 0.46245154623116363 0.06427820101309943 31.102152553177195 327.41983699873697 43.924900246274646 46.80974975490183 0.2944200244396661 0.07849898139176716 0.4958653043194376 0.03170335381194462 0.4035295203335543 0.13766559216156424 0.6796286658249335 0.04296691025606239 61.72718889816025 5.769954049616543E-29
1780.0043581642399 0.3281 0.5 0.6016 284.8499 2547.4994 0.4394378048981172 0.05619913851148459 30.752655524346704 319.7289296829216 42.39370082985642 47.96557632492981 0.29748493907460993 0.08062655970251491 0.4945204182019489 0.036011077391336334 0.4189275275088122 0.14091325420606865 0.6963990067678956 0.03970009035345412 61.72718889816025 0.0
1790.0043581642399 0.3281 0.5 0.5625 224.1576 2574.5713 0.4734353288595791 0.07090817650128076 31.354489427076707 334.3656327030704 45.281643299544974 47.97237908422847 0.2819174104230591 0.0804869304010948 0.5011865074187717 0.03252705396552551 0.3863661476783766 0.13579507261735674 0.6868731514282251 0.03358366688150192 61.72718889816025 0.0
1800.0043581642399 0.2969 0.5312 0.5703 241.9746 2672.0368 0.46345227465232736 0.06930792262965152 31.220386954050237 331.9050858371079 45.223044688918804 48.03560982377743 0.2796948871886877 0.07623568724093435 0.4972353550021114 0.02667292724338407 0.3980170362910945 0.1408117448902324 0.7075858422952791 0.029742863214547003 61.72718889816025 0.0
#####################################################################
# End of data export. Simulation finished at: 2024-12-17T10:33+0000 #
#####################################################################
