#####################################################################
# Alchemist log file - simulation started at: 2024-12-17T13:53+0000 #
#####################################################################
#
# Algorithm = ff_linpro_c, CamHerdRatio = 3.0, NumberOfHerds = 4.0, Seed = 17.0
#
# The columns have the following meaning: 
# time 3-coverage 2-coverage 1-coverage CamDist ObjDist NoisePerceivedNormalized[mean] NoisePerceivedNormalized[variance] NoisePerceived[mean] NoisePerceived[variance] NoisePerceived[percentile90] NoisePerceived[max] BodyCoverage[mean] BodyCoverage[variance] BodyCoverageOnlyCovered[mean] BodyCoverageOnlyCovered[variance] FovDistance[mean] FovDistance[variance] FovDistanceOnlyCovered[mean] FovDistanceOnlyCovered[variance] ClusteringDistance[mean] ClusteringDistance[variance] 
0.0 0.0 0.0 0.0 0.0 0.0 NaN NaN NaN NaN NaN NaN NaN NaN NaN NaN NaN NaN NaN NaN 60.0 0.0
0.002823245690350973 0.0 0.0 0.0 0.0 1.4142 8.674074097819908E-4 0.0 24.742539196882603 0.0 24.742539196882603 24.742539196882603 0.0 0.0 NaN NaN 0.0 0.0 NaN NaN 60.0 0.0
10.002823245690351 0.0 0.0 0.0 1130.0 2780.5065 0.016589643467286006 8.433634416338822E-4 25.791546464163137 14.285228043244146 32.38153587223664 33.33135625955823 0.0 0.0 NaN NaN 0.0 0.0 NaN NaN 60.0 0.0
20.00282324569035 0.0 0.0 0.0075 1200.0 2589.5731 0.03146314510629672 0.0031342026149165166 26.386664854190006 19.999629701471868 34.19737699846895 35.43471695053068 0.002412840044793017 3.871285167410045E-4 0.161660283001132 1.1933549676447559E-7 0.006617170178078529 0.0029118234623861333 0.44335040193126185 2.0812828329281675E-5 60.0 0.0
30.00282324569035 0.1194 0.2463 0.2463 1149.5111 2530.3104 0.11653622619407795 0.0439009424527447 27.909143385373365 46.04325331770632 39.566220497621984 43.120977196349884 0.15189268613240187 0.07439917461114491 0.6167763618709652 0.013532017818112453 0.17809404314504512 0.1026924835372796 0.7231697509526075 0.02031517509050951 60.0 0.0
40.00282324569035 0.2313 0.2463 0.2463 1064.8973 2506.2279 0.14053253955990053 0.06082376155876908 28.47499661485657 51.52498635485007 40.86032654312986 42.98293465097139 0.15590765887352662 0.07540064457598926 0.6330795845167444 0.0018558807012773561 0.18139291125076784 0.10688069320779466 0.7365651547758452 0.02252358511936673 60.0 0.0
50.00282324569035 0.2239 0.2463 0.2463 1044.5126 2687.6657 0.14298154768384636 0.06260591035113933 28.85872948517063 49.37787255889334 41.08747889566342 42.76118126650907 0.15398207125706284 0.07364115335460839 0.6252605317711036 0.0021907283957747223 0.18152599089022725 0.1072992398296582 0.7371055387663773 0.023644179765787105 60.0 0.0
60.00282324569035 0.2239 0.2463 0.2463 1030.7739 2719.7228 0.1616060114959482 0.08005900564461595 29.626808350608776 52.78857062332479 41.93239053076704 45.50033977449182 0.1585084318349891 0.07858057306711659 0.6436402989663195 0.0045922611867526665 0.17684714361356885 0.10385783738844816 0.718106583158128 0.03083085845189163 60.0 0.0
70.00282324569035 0.209 0.2313 0.2463 1037.4872 2706.7716 0.15961180403697514 0.07589583905326769 30.193830502213657 46.04779109207038 41.87218769804403 44.644880731877834 0.15604192018967789 0.07731939987966883 0.6336247668308131 0.009293925909320499 0.1741380812270597 0.10112375921107275 0.707106148012909 0.03165359635472876 60.0 0.0
80.00282324569035 0.209 0.2313 0.2463 1043.363 2724.2591 0.14077711924093528 0.0576084104275839 30.338305498851824 36.20300651845416 40.83825058960599 42.48606156861748 0.15950544582427018 0.08116664026761251 0.6476887800137031 0.011277015838582904 0.170386771910752 0.09719296090245055 0.6918735586679021 0.03188023358160325 60.0 0.0
90.00282324569035 0.209 0.2239 0.2313 1036.0333 2802.1922 0.14040642657333277 0.05313378646432245 30.763964564464725 33.89982529111902 40.491539919765394 42.30895687923152 0.1469496774143473 0.07431078186757831 0.6352018314039529 0.008967848465103881 0.16123597137740003 0.09359985421671749 0.6969554891797292 0.029140939814627002 60.0 0.0
100.00282324569035 0.1866 0.2164 0.3955 1040.7954 2718.3975 0.16411167752645797 0.04690842495159103 31.36260491962961 39.883768726770796 40.35068586895254 42.279764127443116 0.18640390695417375 0.07428700186727946 0.4803485294588324 0.049764434429432534 0.2731951440574722 0.13021592238082408 0.7040028712250246 0.030345962339443578 60.0 0.0
110.00282324569035 0.2015 0.209 0.4478 976.4472 2687.5765 0.18477573610876022 0.05256003447738049 31.245257651558877 49.61700809412253 40.40545250022443 43.80361134442019 0.19051134946397444 0.07044226029947619 0.43268679369784024 0.05493861633851988 0.297336793532883 0.13035817933650873 0.6753072937865479 0.03927775772355339 60.0 0.0
120.00282324569035 0.209 0.2164 0.4552 958.2401 2691.7184 0.19991901869264825 0.05552917504250181 31.293445127378362 55.15835876077806 40.75990006042295 41.48595214729533 0.1952062641841612 0.07214623217500296 0.43596065667796 0.05589631010666779 0.2881945152035353 0.12241955860003027 0.6436344172878954 0.043311865055389344 60.0 0.0
130.00282324569037 0.194 0.2612 0.4552 958.5193 2748.1981 0.2293021313034431 0.06818990412857871 31.61596869769717 64.65862628117816 41.07986403773492 45.580446528964885 0.19790972940179455 0.06828405701854022 0.44199839566400784 0.044213078817049306 0.2965978217586463 0.12629181613172547 0.6624018019276434 0.0382755696363495 60.0 0.0
140.00282324569037 0.1791 0.3731 0.4254 931.1089 2826.1367 0.2687682817257407 0.08380190507292666 32.28964737846033 73.28355839938789 41.90468597859673 47.963623235571696 0.20279033454511455 0.06679087068430814 0.4685156005007819 0.029164784443174156 0.28775024073944644 0.12670431019055345 0.664802280329066 0.04058070216619578 60.0 0.0
150.00282324569037 0.1716 0.3433 0.4552 892.6488 2765.3617 0.2618095141929487 0.07822422471002007 32.33959899087117 67.72283553423789 41.22203887401302 47.45974572223378 0.2050436617203748 0.06466199314681961 0.45793084450883703 0.027995840978646287 0.29041604198123244 0.12601698578256268 0.648595827091419 0.0478207503529277 60.0 0.0
160.00282324569037 0.3433 0.403 0.4403 890.8642 2693.8667 0.3047644460047867 0.10004134884644576 33.275415650473114 72.26962440419075 43.12576817536896 46.29587293483473 0.2023505767088154 0.06372258686529877 0.4595758860844282 0.025869752306656415 0.2904970911406727 0.13017351931488358 0.659773054455087 0.05066235489594053 60.0 0.0
170.00282324569037 0.3358 0.4104 0.4478 935.1705 2771.6264 0.300960190139006 0.09644004815520696 32.80127077583317 76.98724211748292 42.40389639439408 45.843850275892635 0.24286194700654518 0.07819505937237095 0.5335000147356894 0.015692711302234225 0.30225858347119466 0.1324375025963106 0.6639778718875423 0.04939330068940299 60.0 0.0
180.00282324569037 0.3433 0.3881 0.403 883.5706 2789.8111 0.29875946057839287 0.09987981926373506 32.25267672369646 90.04872873975565 42.85868872248438 48.211865134132935 0.24577079602018936 0.0912496670524295 0.5987870303037341 0.009448534746524382 0.29155734805002614 0.1390943623531953 0.7103397207037 0.03959766191704817 60.0 0.0
190.00282324569037 0.2537 0.4104 0.4627 862.3668 2828.5198 0.2800216069708557 0.08610522071719653 31.59897952082619 87.63832920105867 41.986756626806795 45.85414419137669 0.25853147212747274 0.0920151337754194 0.5587615687916346 0.030116005309472598 0.3330074280030988 0.14756980832854555 0.7197257314905684 0.03885664669641429 60.0 0.0
200.00282324569037 0.3358 0.4104 0.4254 870.9905 2787.5785 0.2611781369192022 0.07347601585503513 31.142128348723098 85.16881079594697 40.84154165830627 44.36369720255285 0.2710148471734339 0.103610401945382 0.6371226231796516 0.008653880386597309 0.29433586363007 0.13610770674134515 0.6919474688847259 0.043216489229557974 60.0 0.0
210.00282324569037 0.3358 0.3731 0.3955 790.0014 2647.5044 0.2622924933783227 0.07348313146085968 31.097399417702757 86.16599550908036 40.79393226354303 43.6545443695994 0.24664856151951187 0.0984225096350291 0.6236020234644262 0.012144997606886995 0.2742426416846669 0.13037066355952512 0.6933681884102899 0.037251100726675826 60.0 0.0
220.00282324569037 0.3284 0.403 0.4403 780.3756 2664.6068 0.26303450167695813 0.07520129238748108 31.157643930825312 86.40586402914872 40.794560717083435 45.130675046374606 0.26992277898143346 0.10051497493238325 0.6130449556527472 0.016515203633302153 0.2893341429621213 0.12895903434922423 0.6571317823207501 0.0498577929245845 60.0 0.0
230.00282324569037 0.3433 0.3881 0.3881 792.7574 2671.386 0.2769074514076767 0.08175175292829208 31.48731856900782 86.5696672686361 41.68411108461167 43.248552700048705 0.2552416699254658 0.0967281112108396 0.6107568530359361 0.012824946586020085 0.28141298864386344 0.12811584940716608 0.6733810799692447 0.04106454106806603 60.0 0.0
240.00282324569037 0.3433 0.3881 0.4403 883.3038 2659.0455 0.2730096744390953 0.08206450634906928 31.45743380169238 87.30962869684006 41.15197075009998 47.130552819389194 0.27062353663829264 0.10020768272368477 0.6043925651588535 0.020745265138353803 0.29106026691311265 0.13032934657591783 0.6500345961059515 0.05649252727526726 60.0 0.0
250.00282324569037 0.2313 0.3657 0.4478 888.1025 2729.945 0.32635353313331933 0.12343075953661464 32.32235014706944 110.97282305098025 45.8883808923881 48.255635817641505 0.21940436139326114 0.07802526978628917 0.4983082106219829 0.03754372891269579 0.3301571984433543 0.15043560816729537 0.7498485523967707 0.024833510130019037 60.0 0.0
260.00282324569037 0.2463 0.3657 0.4627 930.7434 2698.5157 0.3346307717834601 0.128201571578357 32.38728962003941 115.03866846852151 45.794913118281826 48.59173313237353 0.20398414887957655 0.06930828600348189 0.44809632704693864 0.04242450070975828 0.33418618612148193 0.1477957326121252 0.7341139170537472 0.029128152312223453 60.0 0.0
270.00282324569037 0.3209 0.3657 0.3955 884.8656 2680.58 0.2814004733865119 0.08713062788548798 31.49750665717987 90.41645833825378 42.30401982904732 44.792862581292866 0.22007036253172405 0.07938760128495233 0.5461005292453893 0.01781335197952314 0.2705754755520078 0.12584938946808719 0.6714280319253526 0.04158890709968904 60.0 0.0
280.00282324569037 0.291 0.3284 0.3433 825.8782 2677.2155 0.24178928889497667 0.06652632035304507 31.08657831836885 77.36925881004146 40.823399300242 43.610007965725295 0.20651706159487657 0.08668313008237867 0.6015931794285535 0.013240040003092831 0.24800023178701805 0.1308490872044676 0.7224354578143569 0.03636627624781246 60.0 0.0
290.00282324569037 0.306 0.3507 0.3955 854.3126 2733.4594 0.257546339294327 0.07400333656236625 31.546967228675502 77.17626522405887 41.25802503799025 44.4883113330388 0.24231026114138352 0.09727365717400992 0.6126334904329318 0.017560741135225058 0.26031135008085343 0.12462666293433472 0.6581456775629125 0.0518884651978433 60.0 0.0
300.00282324569037 0.194 0.3209 0.4179 906.8373 2805.6952 0.2960184394870364 0.09937851509348483 31.903466481468058 93.0692962869501 43.726569628950784 45.607230322673935 0.1981284812854087 0.07144860836107648 0.46577572793411876 0.04280071816416687 0.31630612261457824 0.1495745131613922 0.7435968496553244 0.03183364384183098 60.0 0.0
310.00282324569037 0.291 0.3507 0.3582 937.1162 2693.2877 0.30505024410646886 0.10609914761538539 31.908377526094455 101.44370689079422 44.203248657554894 47.789914013926435 0.19659314741526693 0.07388674492471435 0.5268696350729153 0.022985805075908656 0.26284034851190347 0.13030667868751686 0.7044121340119013 0.03629310363805717 60.0 0.0
320.00282324569037 0.291 0.3284 0.3731 838.7414 2668.347 0.27564237791432933 0.08284368897004765 31.31242291968848 90.48506189399517 41.76080259090463 46.533427295456576 0.20263327613335122 0.07654842124369318 0.5430571800373812 0.019131791057943964 0.254002454699385 0.12231018839096304 0.6807265785943518 0.035574130874763694 60.0 0.0
330.00282324569037 0.306 0.3358 0.3657 864.9711 2752.2232 0.2634441634014537 0.07712352811909802 31.23484366774405 86.42670217602102 40.99463870707096 48.10294627144493 0.21841395861381332 0.08773204628514941 0.5853494090850198 0.01896101429880697 0.25471408811885365 0.12458242047092855 0.6826337561585277 0.040078396045547714 60.0 0.0
340.00282324569037 0.2985 0.3358 0.3507 836.7913 2692.6233 0.2568713278127003 0.07392328776498505 31.417995596506 79.80476896534816 41.08123749815055 46.98213992375892 0.2177780986928706 0.09205826159315127 0.6208992601030778 0.010429568301500608 0.2471349190588101 0.12512852328529034 0.7045974288059692 0.03245062857008302 60.0 0.0
350.00282324569037 0.306 0.3507 0.3731 827.509 2724.3623 0.2715778814181696 0.08481905962037328 31.84565532902949 83.11334758048022 41.61662480541928 48.18235594206392 0.233859124770733 0.09703706320973933 0.6267424543855645 0.012124414130544851 0.2626148466322074 0.13186457736548735 0.703807788974316 0.04106606788910614 60.0 0.0
360.00282324569037 0.2985 0.3358 0.3582 803.2972 2787.0478 0.282848419910172 0.09035319186005433 32.04012487748194 85.07452541455946 41.47439540383793 47.70060207873552 0.22389988978161596 0.09141771763126871 0.6000517046147307 0.01781692981085647 0.256136457763042 0.1262492064511194 0.6864457068049525 0.04126423730274951 60.0 0.0
370.00282324569037 0.291 0.3209 0.3433 827.2182 2651.6956 0.25045359715858706 0.06802584572600542 31.51950756510283 72.9390371276706 40.6859333718194 42.380122453690554 0.2188252517580491 0.09488196585335702 0.6374474725125778 0.00764925192995455 0.2407860861332612 0.12151656080018007 0.7014203378664565 0.02887075315955914 60.0 0.0
380.00282324569037 0.306 0.3358 0.3507 825.8966 2705.8807 0.24654195388493805 0.0656796869963992 31.64388237047143 69.35924486528664 40.45848043828091 42.83783203195685 0.22309809101951691 0.09616236307850431 0.6360668978003249 0.00964852743531848 0.2527051217057039 0.13086848154793707 0.7204784320971133 0.034033494070319546 60.0 0.0
390.00282324569037 0.2985 0.3358 0.3433 822.6653 2819.1381 0.25852879586762634 0.07093667692205644 32.21192931104552 67.21680451683841 41.19262408787738 42.147285361705784 0.22126985933291168 0.09464757627515827 0.6308544925661737 0.009649505748179585 0.2500470557239159 0.12805138691490692 0.7129001163192494 0.033094313587768306 60.0 0.0
400.00282324569037 0.3134 0.3433 0.3507 774.3026 2694.6417 0.24907877584910085 0.06514087732606696 32.29690698302681 63.19757806406777 40.51045346924278 42.32434085918111 0.22406581248375795 0.09895635547167764 0.652713453757034 0.0064694997386657025 0.2535557102868597 0.1333060515197609 0.7386188082269391 0.027755008791582967 60.0 0.0
410.00282324569037 0.3507 0.3806 0.4179 835.8115 2635.7976 0.26435962016051534 0.07436890009016738 32.49235392921226 65.39781581581981 41.12641080747488 43.82002047863714 0.24524391693774128 0.09892091117028606 0.6085682383269877 0.02295600955379546 0.28196660047825567 0.13393288114497898 0.699694897483079 0.03829860118979983 60.0 0.0
420.00282324569037 0.3507 0.3881 0.403 868.4406 2704.648 0.2898066089591068 0.0939517042493936 32.82445983638613 72.57214625396037 42.67790543904428 45.845156147126886 0.25550792343188294 0.10215971547063833 0.6340381803680059 0.011832072645400172 0.27399585096467277 0.12860137796483354 0.6799156301715954 0.04151808180149147 60.0 0.0
430.00282324569037 0.3209 0.3507 0.3657 849.3422 2696.6356 0.26882172721673087 0.07915046414002545 32.24153362155345 70.0450806722564 41.17850468611739 44.1203842275474 0.23426800833131378 0.09499478855171585 0.6155277081646284 0.013316710108551415 0.253447233040625 0.11986868076519573 0.6659201809302695 0.03868314954615687 60.0 0.0
440.00282324569037 0.3134 0.3657 0.3731 821.068 2732.9414 0.25112166078202236 0.06973528704663245 31.72860452917943 70.25266317022864 40.55784644362822 44.30442926507894 0.23610410657991793 0.09837263514394891 0.63275900563418 0.010902295895309364 0.2558853365039374 0.12475616754261788 0.6857727018305523 0.037802434347462534 60.0 0.0
450.00282324569037 0.306 0.3507 0.3507 798.3002 2850.5045 0.26140450671628535 0.07572688653564279 31.876351231274533 73.45098271847434 41.08408591865875 47.05220856807798 0.22885748723750252 0.09768487563324864 0.6388938185380278 0.008883913657746293 0.24573535804507415 0.12163590855566195 0.6860112078758321 0.03574331480717333 60.0 0.0
460.00282324569037 0.306 0.3507 0.3507 831.2196 2703.0322 0.250826185396226 0.07165106491532433 31.513042069093963 75.4229596173488 40.64894009577887 48.10037403803307 0.23097975069710108 0.09910866256490151 0.6448184706960739 0.007927899893470675 0.24782742541103978 0.12362971493426975 0.6918515626058194 0.03611085138123994 60.0 0.0
470.00282324569037 0.306 0.3657 0.3806 843.653 2671.7623 0.260262098303696 0.07860406214992235 31.71994990876042 77.51799635374392 41.41140875141886 48.10575836846175 0.23656430626720204 0.0983224254342329 0.6339923407961015 0.00976665484294727 0.25272244413661665 0.1228466081464273 0.6772961502861325 0.04001004181807576 60.0 0.0
480.00282324569037 0.2985 0.3507 0.3582 817.3926 2703.5319 0.2684429744573366 0.0823357086494147 32.00971164381754 77.01565784675516 41.721114154540395 47.78581541198871 0.2212042843865796 0.09425242842494287 0.630667534208546 0.008663469764092468 0.24517938001935158 0.12477021621945335 0.6990220621828321 0.036605967833469144 60.0 0.0
490.00282324569037 0.2687 0.3209 0.3507 829.3792 2687.2093 0.2684631133107478 0.0819714590989331 32.19806023552857 74.42778682278826 41.658585280975714 47.94970510487241 0.21498468299631465 0.0912043119670594 0.6001655733647118 0.02199792799147044 0.24567425385209235 0.12350868447926937 0.6858406253370912 0.041196255768183136 60.0 0.0
500.00282324569037 0.2836 0.306 0.3582 905.0106 2556.1154 0.2807414572867855 0.08883531671842881 32.4451254373264 76.47979291476159 41.76991696626927 47.94793150818384 0.2151329237498386 0.0877596215629672 0.5765562356495674 0.025571152216923777 0.25221970472495053 0.1229380349276402 0.6759488086628674 0.04142447949479997 60.0 0.0
510.00282324569037 0.2612 0.291 0.3358 830.0469 2698.2264 0.27778114605597254 0.0865350988237937 32.278575147337975 76.4841058198054 42.01552214890326 47.96033730984453 0.19492879677866873 0.08162175790578476 0.5804546392964802 0.01785413472392576 0.2355259205042068 0.12486267355900571 0.7013438521680825 0.04330229923301802 60.0 0.0
520.0028232456904 0.194 0.2761 0.3582 816.5623 2709.2297 0.2887798539164124 0.09684705002578521 32.598597826170895 78.8790610063658 43.23674878714213 47.89724203155003 0.18110623846267732 0.06991741329873417 0.5055882490416408 0.030306595173902957 0.2571462462828142 0.13066771706879693 0.7178666042061895 0.03198914779269306 60.0 0.0
530.0028232456904 0.1493 0.291 0.3657 892.1131 2701.7997 0.2888891411969983 0.09727622829317059 32.79135890812651 75.50335641521818 43.14167712880667 48.05869969708256 0.17618938190348343 0.0662380001313468 0.48182402398095475 0.03320438489365749 0.26585002761657056 0.1322029367326565 0.7270184428698053 0.02404940355613212 60.0 0.0
540.0028232456904 0.1716 0.306 0.3806 934.9073 2682.4463 0.2656245884334703 0.07977064385683148 32.287210947848 68.99222742419553 42.32646053560654 43.961119664315625 0.1936551235279631 0.07207275807410216 0.5088193441715109 0.028144651381853 0.27377930685132107 0.13430360819362608 0.7193417081975887 0.030325746524140263 60.0 0.0
550.0028232456904 0.1642 0.2836 0.4104 825.8833 2705.4218 0.2772873833085849 0.09185432862228371 32.24871187529171 80.16911677517325 43.55799861945657 47.95951491691697 0.19986797828648575 0.07051525735305851 0.4869510743707107 0.03129224100005915 0.2801569078594438 0.12766705548853724 0.6825641027848267 0.03468406578265383 60.0 0.0
560.0028232456904 0.1642 0.4104 0.4179 864.5836 2631.2925 0.26904796000650016 0.07998926485927682 31.87888858332903 76.92954445320878 41.96050469961746 43.894411718191876 0.22772357148812347 0.07953265605826046 0.5449099746322955 0.016343878215503174 0.2880018941389189 0.13068545534927078 0.6891473895466989 0.0345464870197531 60.0 0.0
570.0028232456904 0.2388 0.403 0.403 870.994 2668.6941 0.2736993134987629 0.08116532416473923 31.912677759136006 78.24486786195226 41.86370551775531 43.67931899270044 0.23566725372759328 0.08674264631551425 0.5741711272635909 0.01568553100267245 0.31088686383359226 0.14984999287881723 0.7574334500672975 0.024582155081673586 60.0 0.0
580.0028232456904 0.1418 0.4851 0.4925 823.3894 2737.8441 0.29296709952503336 0.089945637242241 32.293604887508806 81.03804963619702 42.08599783367836 43.58022140325918 0.26046434744182373 0.08011939423470617 0.5288215538970361 0.019840253672099406 0.3696482322063176 0.15485979474473646 0.7504979259946447 0.026642722323028337 60.0 0.0
590.0028232456904 0.2239 0.4552 0.4851 878.9873 2613.9212 0.29555379541809684 0.09381925298028192 32.37791066704753 82.0661081898181 42.631547657293424 46.791064499389165 0.27253153430049937 0.08816037788211321 0.561834239942568 0.018128429458874346 0.37106360389932663 0.15841412023871765 0.7649618911155349 0.023179084007877875 60.0 0.0
600.0028232456904 0.2463 0.4776 0.4776 834.483 2676.8281 0.3367502957186199 0.12150041598129101 33.002688772779806 95.32465634673348 44.130994198905256 46.10399194762154 0.2508131438390808 0.07804056802251694 0.5251400199130755 0.0184056221029626 0.35073765067545826 0.15057764155225803 0.7343569561017408 0.03170098378776165 60.0 0.0
610.0028232456904 0.2687 0.4701 0.4776 765.9597 2692.4692 0.2904616374545095 0.09176025103707874 32.192339947014524 82.20760634163565 42.48325025735042 45.1098071077417 0.27669866360189044 0.09128824729332329 0.5793378269164581 0.014606297083896793 0.3646574614667261 0.15910880070108 0.7635015599459578 0.026544645173637006 60.0 0.0
620.0028232456904 0.2612 0.4701 0.4925 765.5645 2668.6228 0.29806058509725875 0.0968111644067192 32.24871056639358 86.16646203157067 42.734324245126686 47.61429167181327 0.2822365653050903 0.09109895456478707 0.5730257538012439 0.017209248575223025 0.3590917427345525 0.15123285883277093 0.7290650534307582 0.035561320980514316 60.0 0.0
630.0028232456904 0.2761 0.4776 0.4776 820.8582 2722.0852 0.30129270589777746 0.09714336906096536 32.235060010439994 86.44072075648987 42.659777548982476 44.38426153277166 0.27777553506061564 0.09211341835277008 0.5908241539384523 0.009658281634551262 0.35246707694494384 0.15282289954874215 0.7496918779463885 0.025230396727653547 60.0 0.0
640.0028232456904 0.403 0.4776 0.4925 688.6206 2700.4702 0.32006209002706165 0.1087015590867121 32.509220132808956 92.21294521548612 43.372306830113 44.81142992984601 0.296031587347768 0.09857775740142398 0.6010338288575896 0.015568336042352394 0.37167873643107563 0.15553451290987616 0.7546204648752142 0.024826097197902783 60.0 0.0
650.0028232456904 0.4104 0.4851 0.4925 810.247 2649.8265 0.33736537841288866 0.11983000380373911 32.783889190405134 97.62099264029679 43.65103196544768 45.580911274962844 0.3128839471932424 0.1070249256226104 0.6352492261196133 0.0110566724009801 0.3656240267549751 0.15442018059070256 0.7423275694722221 0.03202790692753989 60.0 0.0
660.0028232456904 0.2687 0.4328 0.4851 902.2159 2724.6254 0.3424023303212063 0.12413705423732561 32.917987817247976 99.35168396245597 44.139455812071176 45.84532060397451 0.25156258160632106 0.0810679826093186 0.5186059374653388 0.027815220983503492 0.3437062083325542 0.13891297209087833 0.7085635679471117 0.026114440222974194 60.0 0.0
670.0028232456904 0.3955 0.4776 0.4925 782.011 2661.7119 0.37445252273071616 0.15009759114782048 33.59489363711602 114.72745473168884 45.99443303849991 48.44007761525199 0.2943901348854466 0.09664063165474354 0.59770118294924 0.013663160660721364 0.3687044784052106 0.15341438520189685 0.7485818197923974 0.02516525095323241 60.0 0.0
680.0028232456904 0.3582 0.4851 0.4925 815.4563 2764.8572 0.3836800735621966 0.1587560108870068 33.92894971281091 120.44299460352578 46.96909668529611 48.7599622428915 0.289324448322018 0.09410364101117763 0.5874163041689455 0.0147526027851073 0.38593110947086373 0.16444322600618017 0.7835571010469051 0.020120198271495034 60.0 0.0
690.0028232456904 0.3806 0.4478 0.4851 846.6394 2706.4477 0.36468471037724975 0.14312947500741693 33.576349574927576 110.92097750853473 46.34751641738401 49.59837865061366 0.2710712191698973 0.08975649318384119 0.576564180456607 0.013564947827423228 0.34421473849564294 0.15194381558664358 0.7321392850542247 0.03734830745424797 60.0 0.0
700.0028232456904 0.4104 0.4179 0.4925 801.8497 2713.7789 0.3346490680271334 0.12479030729210804 33.10732150008978 98.93649869420403 45.60949237573769 49.878427770348296 0.24380603892750727 0.08191687687314367 0.5269356325207415 0.026968822820226796 0.31865421758701273 0.1362131123103847 0.6887042767203178 0.037956234771916654 60.0 0.0
710.0028232456904 0.3881 0.4179 0.4701 677.5185 2631.9886 0.31779551618527957 0.11136413649065492 32.8550882306807 89.6420658723447 44.0169546622036 47.84444758480607 0.2755726125945994 0.09921758195030952 0.5955924207689729 0.022600874102067257 0.3196540318650232 0.139781303429727 0.6908651656437599 0.04410801947030634 60.0 0.0
720.0028232456904 0.3657 0.4776 0.4925 797.6573 2708.7049 0.343993505691547 0.12908045985225233 33.34169273109873 99.29449108160401 45.48734275135401 48.28999074282635 0.27176975691405736 0.08797759465720158 0.5517749610073286 0.02313891218093093 0.38571684859941685 0.16633032262123149 0.7831220865503312 0.024332659149443842 60.0 0.0
730.0028232456904 0.3955 0.4254 0.4552 738.1464 2688.3024 0.3671570989735963 0.1455909440845604 33.811529245950084 107.26767721599683 46.007399298586435 49.06910123695732 0.2620937357413966 0.09352870481558864 0.5757468949073303 0.023727382665765944 0.3412965885856922 0.1526220314150128 0.749733489680045 0.026989699412179168 60.0 0.0
740.0028232456904 0.3881 0.4776 0.4851 792.6314 2620.1483 0.3796741256880327 0.15419091548145203 34.043116892790195 111.72200162272216 46.04701274378114 48.70352832954889 0.2752766303160432 0.08981422859756097 0.5674933609592275 0.01822302897494449 0.3685871922896784 0.15660671240198928 0.7598566733356447 0.023494149117448026 60.0 0.0
750.0028232456904 0.3881 0.4328 0.4925 945.2994 2654.765 0.3564608253893729 0.13801599057179034 33.691845807198106 102.81894709310824 45.9837726532633 48.76284384155221 0.2896472157792403 0.0998887702874529 0.5971188756064338 0.021115513772429203 0.351307791069934 0.14758034844057955 0.724234523128787 0.03238389743041805 60.0 0.0
760.0028232456904 0.3881 0.4851 0.4925 779.6527 2651.62 0.3772145409605308 0.1520812407995909 34.08411133237967 110.26466646563014 46.766743109381785 48.5780379524397 0.3000383876469047 0.09957453760375809 0.609168847646746 0.012535059374145056 0.3628272480855365 0.15023018814908434 0.7366492612645741 0.02778181805454068 60.0 0.0
770.0028232456904 0.403 0.4776 0.4925 725.68 2741.7937 0.36692938361586375 0.14614279360367305 33.942212151038 107.18219600979624 47.008469937227346 48.596772332699445 0.32991496675114995 0.11796707252434888 0.6698273567371832 0.010193351955465417 0.3740303973802893 0.15881273476635488 0.759395049226648 0.02780906378194176 60.0 0.0
780.0028232456904 0.4627 0.4701 0.4851 617.6341 2657.9749 0.37284674313281363 0.15014648271786316 34.08687150933058 109.22584503926392 46.6018814399245 48.69756379665397 0.33782047272886606 0.12486506381063958 0.6964298976256623 0.005836599333817011 0.3604892160943909 0.1515695386514661 0.7431623839484366 0.026148576569323144 60.0 0.0
790.0028232456904 0.4478 0.4925 0.4925 596.5154 2669.9249 0.3688638637355099 0.14781742514535448 34.00677285145698 108.21230065090784 46.89379707675769 48.56516894538133 0.33879855449157503 0.1221180261628677 0.687863731846531 0.006069004510154283 0.37073802893755026 0.1551325511315505 0.7527105436004808 0.025487023329835847 60.0 0.0
800.0028232456904 0.4701 0.4925 0.4925 694.3081 2651.585 0.3737225814617438 0.14888145909273443 34.052998287682094 108.20175369862342 46.87338221004515 48.59614870385578 0.3310701131839494 0.11691370011224103 0.6721726540401397 0.006416235424258458 0.35577977975461933 0.1446106634596283 0.7223407649563484 0.027040154433565736 60.0 0.0
810.0028232456904 0.4776 0.4851 0.4925 729.3649 2683.4252 0.3654691190135099 0.14408408307467346 33.91856524658327 105.38276720079446 45.99155489410178 48.605406876351765 0.3352337403415483 0.12309878226195768 0.6806260788752647 0.01317935168547889 0.3641913814238512 0.15745139141285486 0.7394188653150919 0.040451023895883315 60.0 0.0
820.0028232456904 0.4478 0.4851 0.4925 638.4521 2697.4417 0.3681792401669512 0.14483935684507762 33.96315309309889 105.9611500468369 46.35600831704879 48.54137848472 0.3306223233640126 0.11791518432544236 0.6712635050117831 0.00909476832867869 0.35740840619118 0.1498199693280702 0.725647370145729 0.03523212244972455 60.0 0.0
830.0028232456904 0.4478 0.4776 0.4776 653.5422 2694.1575 0.36444699254085083 0.14153938499800955 33.872683721321444 104.15864871047498 45.93305794144441 48.47815653198023 0.3203127815596307 0.11448354484284187 0.6603371189075463 0.009872133292467505 0.3546335173520048 0.15065542929834183 0.7310906357718253 0.03355616068226631 60.0 0.0
840.0028232456904 0.4851 0.4925 0.4925 621.5099 2650.679 0.36594425608400066 0.14339753933354002 33.86985991221401 105.41051646951952 46.11024370705813 48.57314357262037 0.3424689582170892 0.12377499089640791 0.6953157636528781 0.004148266998985028 0.35529803956592665 0.1474464759631566 0.7213626863914268 0.03357025260491828 60.0 0.0
850.0028232456904 0.4701 0.4925 0.4925 651.9452 2727.0649 0.3696216521448266 0.1455460838432209 33.900478199574565 107.01570108165991 45.98277689675587 48.529781480559194 0.3331265283272134 0.11858524318475964 0.6763477999370696 0.006935361772425493 0.36183607122610806 0.15222259998246962 0.7346368718833103 0.03338421033326149 60.0 0.0
860.0028232456904 0.3433 0.4851 0.4925 706.8937 2741.5583 0.3639660651222724 0.14077369795899974 33.80424374417769 103.98027290570663 46.05775649647133 48.54895705671314 0.29541575675865767 0.10061785614615773 0.5997835061463656 0.0205163227536447 0.3792129789330266 0.1578119736369518 0.769917260257963 0.017469761287646275 60.0 0.0
870.0028232456904 0.4403 0.4478 0.4851 738.6743 2666.8912 0.37516130683237736 0.14817684701187558 33.9921783076121 107.76090755585578 46.31002391545317 48.52773581396668 0.3000827953430271 0.10204262988199268 0.6186322242456251 0.01191325877473175 0.3546057507162729 0.15071534361379016 0.7310333937843165 0.03372444012385878 60.0 0.0
880.0028232456904 0.4254 0.4627 0.4701 718.3355 2754.6872 0.3792206314431694 0.1520819626899264 34.026480126698054 110.80081134194268 46.43278072864679 48.56792562559251 0.29122698727736085 0.10090060560583336 0.6194351792883548 0.00986528111378909 0.3713959995183042 0.16694694947417946 0.7899533958008376 0.022154380300263888 60.0 0.0
890.0028232456904 0.3433 0.4478 0.4925 692.0234 2816.1895 0.35501719085340355 0.14101977973609608 33.67726740747657 105.8618311026972 46.597517574143076 48.459847232744295 0.2846541341986736 0.0970078792549367 0.5779341512518524 0.026388868467885535 0.3886918558915296 0.16803965038832788 0.7891622528706814 0.02293676209590941 60.0 0.0
900.0028232456904 0.4179 0.4776 0.4776 708.9596 2582.7532 0.3563522180546323 0.13879729243222538 33.612241829452344 104.5455462739612 46.37765291654145 48.300254259630336 0.3030305362681146 0.1048137696940719 0.6344701853113649 0.007647024353003798 0.3793363342565123 0.1676902851450346 0.7942354498495726 0.019254641881174272 60.0 0.0
910.0028232456904 0.4627 0.4925 0.4925 630.6343 2758.1282 0.3601392724458961 0.1405023230947793 33.6566174556613 105.36781037728367 46.10024617870461 48.521549472618126 0.32469879361063225 0.11301186389146585 0.6592369446034048 0.007306829779347891 0.3731547437202794 0.1584875523827813 0.7576172069472339 0.028533377654616103 60.0 0.0
920.0028232456904 0.4478 0.4776 0.4851 622.8058 2640.8823 0.37234372273804367 0.1490279721003165 33.84536765524836 110.2663280413483 46.240052704389996 48.42321778231276 0.3222505106228228 0.11614823034071226 0.6643318218993578 0.010564173219386316 0.36699998779510545 0.16209854323841483 0.7565845902237559 0.03750180171283522 60.0 0.0
930.0028232456904 0.4701 0.4851 0.4925 627.1149 2748.1106 0.37288988831489717 0.1484007311325154 33.77858089379739 110.29387228093071 46.00029330957366 48.5744237630816 0.322531741385147 0.11250567107675086 0.6548371719031773 0.009250179438880632 0.37076274501970075 0.15993685612206984 0.7527607247369681 0.035278443758053016 60.0 0.0
940.0028232456904 0.3657 0.4627 0.4925 617.8985 2693.3662 0.35582183040053855 0.14066554121882183 33.49842121975208 107.8254344169773 46.540533099682804 48.62918533643645 0.3000064889724309 0.10081397686785362 0.6091040836712991 0.015111797681181307 0.37641838137333317 0.16047225047594324 0.76424338036404 0.0273983367829248 60.0 0.0
950.0028232456904 0.4627 0.4851 0.4925 663.7801 2736.1901 0.36017941872970544 0.14104910095902373 33.48318741097015 107.89991523934795 45.641770620529925 48.14411872983146 0.3288736554729074 0.11549311053753061 0.6677131792934787 0.006588324060570912 0.3637455433848192 0.15379925809830824 0.7385136789934208 0.033667527440296593 60.0 0.0
960.0028232456904 0.4179 0.4851 0.4925 552.3031 2711.2284 0.3624220158547685 0.141934530243351 33.495139040126844 108.18400034372935 45.771296641126774 48.585376347915755 0.3170636750262323 0.10953263119918263 0.6437353402047746 0.010595286849835454 0.36399778943805783 0.1521380626424752 0.7390258149196931 0.029878560763017176 60.0 0.0
970.0028232456904 0.3507 0.4925 0.4925 598.276 2675.8557 0.36534518834891383 0.14496935981537767 33.55035882739483 110.60397565033422 46.39790878327304 48.567463042774804 0.30348838969018443 0.1039494422553023 0.6161733972497684 0.01706424180106695 0.37513363646808573 0.15579765506837867 0.7616349588897499 0.0198842381908636 60.0 0.0
980.0028232456904 0.3134 0.4179 0.4925 794.9692 2714.0751 0.3628289482844699 0.14161281213594132 33.42060609066022 110.01346086804729 46.40365460818332 48.530017916868 0.2732168318535964 0.09585675647928864 0.5547129616421502 0.03758581830648952 0.3848840647175312 0.16255945932218113 0.7814312829113513 0.0179799629888289 60.0 0.0
990.0028232456904 0.4403 0.4925 0.4925 751.7386 2677.8446 0.36828704964815906 0.14532813506179 33.48389203519976 112.8156261058641 46.326778138284794 48.44373918264455 0.2995623492639948 0.09846260029992633 0.6082023454753833 0.010866126862672519 0.3714243755213971 0.15570693831107701 0.7541040351495033 0.02558037865677677 60.0 0.0
1000.0028232456904 0.3881 0.4776 0.4925 761.9672 2564.4305 0.360298130353351 0.14227073962429965 33.37850243637681 112.44538428792504 46.73045795171434 48.44545383617199 0.29634433034788615 0.09794613767004984 0.6016687919184355 0.013882447912628793 0.3840302961799015 0.16368137630895 0.7796978740622242 0.021669936532575235 60.0 0.0
1010.0028232456904 0.3507 0.4328 0.4925 705.2376 2578.4819 0.3738978345724556 0.1505114603564561 33.54822469354256 116.6805607888157 46.414040601877645 48.705054043399116 0.2910896276860036 0.10092479113869239 0.591000153180674 0.026533603568126042 0.397599926149296 0.17174181210591832 0.8072483349091767 0.015634665887585105 60.0 0.0
1020.0028232456904 0.4104 0.4776 0.4851 686.6256 2636.6512 0.3701488301651752 0.1474431936824487 33.47737358219312 115.53705857591378 46.27668838061358 48.531664881930155 0.2971471460581066 0.10299764725183803 0.6125802703351736 0.017794687956938088 0.37569809414104127 0.1587327213992947 0.7745160709984542 0.01614908335876657 60.0 0.0
1030.0028232456903 0.4179 0.4776 0.4925 851.3452 2715.1632 0.37458430356015915 0.14861994712562568 33.44064000131562 115.90322740494791 45.42889633828108 48.61306846324972 0.30587034645465766 0.10528351542792128 0.6210094912867292 0.01671103308940524 0.3837580842657021 0.16234313749007517 0.7791452013879406 0.019375614406420615 60.0 0.0
1040.0028232456903 0.306 0.4701 0.4776 691.1246 2702.216 0.3811207676185697 0.15375513749244055 33.575854837412635 119.47631126342462 46.3615838950214 48.47043993143422 0.2832023042673489 0.09812973233514798 0.5929548245597618 0.02057813199446131 0.37792665594797475 0.1670543989760602 0.7912839358910722 0.02039562917538881 60.0 0.0
1050.0028232456903 0.4179 0.4627 0.4851 675.7462 2713.7145 0.3833289671381246 0.15747252731113304 33.65750323027373 125.67397122518025 47.237722472992395 50.62344876932039 0.2974583132959816 0.10743462963550897 0.6228033434634614 0.02096418249525326 0.3766176907890741 0.1676926888542081 0.7885432900896239 0.024040839802468832 60.0 0.0
1060.0028232456903 0.3507 0.3881 0.4179 681.764 2678.4795 0.35792090192896164 0.14143159090842558 33.18225987940198 114.13530987899857 46.48820185994079 49.22532607223567 0.24142226268121658 0.09446070430826889 0.5990848740607967 0.018729803892298953 0.2938127445321359 0.1452321981223905 0.7290908845797446 0.04110541217620664 60.0 0.0
1070.0028232456903 0.3806 0.403 0.4104 854.7482 2693.5608 0.3331826055115949 0.12261366850410346 32.759455355072554 102.66658936019475 44.95798203538797 48.808780707824425 0.25830123005430056 0.10033004949104193 0.6293157241322959 0.009300139945808462 0.3154989097927119 0.1527594705776135 0.7686700711313345 0.02145108521624132 60.0 0.0
1080.0028232456903 0.3582 0.3881 0.403 758.4754 2713.0022 0.3100073415639115 0.11258737809598944 32.532218737558814 96.16392102155267 45.44456395174721 48.79995475860535 0.2650959101366935 0.10578444928904844 0.6458700356057623 0.010058312349038753 0.30093567383969394 0.14486198445871482 0.7331887326276181 0.03399768433179534 60.0 0.0
1090.0028232456903 0.3657 0.403 0.4104 659.8235 2731.2972 0.3101380812654588 0.1126623204650379 32.5447111422532 96.00865363491017 45.08591185921955 48.47894775742964 0.2653790142019788 0.1051532999962298 0.6465597800557301 0.007968528374914028 0.30505620716707027 0.14647506366153507 0.7432278501888621 0.029070522460365504 60.0 0.0
1100.0028232456903 0.3806 0.3881 0.403 764.2812 2618.9373 0.3091423938892008 0.1117904626229581 32.59899821587311 93.02538510063145 45.08160296661352 48.40846036480271 0.2694210320122791 0.11266844012600996 0.6685633016601001 0.010847195487835295 0.2953052140801191 0.14225303714040122 0.73279442012474 0.030336092278134177 60.0 0.0
1110.0028232456903 0.3731 0.3955 0.4104 662.0619 2625.965 0.3099865884319971 0.112608186921759 32.81121158549297 91.34692490551531 45.3028375478554 48.66553303020454 0.27330227313218897 0.11210500154460178 0.6658637199947877 0.00987744096363725 0.30468664782515187 0.14730175021015238 0.7423274692467337 0.0319097887162651 60.0 0.0
1120.0028232456903 0.3955 0.3955 0.403 764.4831 2644.8949 0.3036546681728417 0.11044774993412794 32.799227758793684 86.78910990858986 44.8381655598928 47.65722178573093 0.27672278033594133 0.11660342965946044 0.6866824549077062 0.005784941402086947 0.2950444413485706 0.14076684856828173 0.7321473174205271 0.02718322942124469 60.0 0.0
1130.0028232456903 0.3731 0.3955 0.3955 757.6612 2672.3191 0.30216144120905947 0.109627189999598 32.57923699804667 90.03071945728769 44.75231756930452 48.248279156943774 0.26885215297225273 0.11341921186690485 0.6797394056279596 0.005424106972743399 0.2946418584567757 0.1443354684624651 0.744943566664301 0.027265407584410803 60.0 0.0
1140.0028232456903 0.3806 0.3881 0.3955 703.7309 2704.6717 0.31193186513477456 0.11524468229315306 32.59477501307089 96.11944998949406 45.25005585467824 48.20151081958947 0.26140748549549664 0.1089152792927187 0.6609170387999348 0.0094513574229259 0.28919454889272556 0.1410357908234972 0.7311711236155702 0.031351023378391234 60.0 0.0
1150.0028232456903 0.3507 0.3731 0.3955 659.3074 2649.1654 0.33271665832085096 0.12463020508039295 32.825918749208434 102.92677359884156 45.62419949719043 48.644359184967236 0.2578610385920325 0.10669330304982294 0.6519505504024974 0.011020864934503478 0.28934241026999413 0.14119160856049912 0.7315449618147021 0.03141266073629037 60.0 0.0
1160.0028232456903 0.3731 0.3731 0.3955 827.4022 2702.4021 0.32559437979994116 0.12197545208143637 32.60142349597277 103.22125028605302 45.58997085410586 48.47513174782988 0.2584525690788229 0.10728591808962037 0.6534461180483447 0.011333770015789536 0.29650780840499535 0.14509355552434758 0.7496612514390449 0.024860178715401908 60.0 0.0
1170.0028232456903 0.3657 0.3806 0.3881 695.5814 2743.8223 0.31002252845414807 0.11702201534398696 32.278164973134785 102.4055417595193 45.35427349020665 48.64076601431524 0.2622972497705708 0.11165288401390377 0.6759198359472401 0.006115620059482634 0.2898010700509188 0.1427700920451946 0.7467950651312139 0.024349362849835826 60.0 0.0
1180.0028232456903 0.3582 0.3657 0.3731 623.3445 2710.1816 0.3035178387003233 0.11581490443671119 32.10380833045259 103.8608601644889 46.002002181339456 48.723617050890724 0.2531609269487885 0.11067438388140129 0.6784712842227533 0.005952037583288041 0.2871151663346186 0.14751381478532477 0.7694686457767779 0.02166415175192714 60.0 0.0
1190.0028232456903 0.3582 0.3731 0.3806 659.4981 2629.7718 0.3079866688567274 0.1173162457594534 32.06206572400328 106.68462212823619 46.096607607272766 48.57747126930306 0.257992070274186 0.1138609619140754 0.6914187483348185 0.003255946379427715 0.28845743243438327 0.1468577290915383 0.773065918924147 0.016333933119226866 60.0 0.0
1200.0028232456903 0.3806 0.3806 0.3955 764.1417 2691.6303 0.3378949202447394 0.130568664262462 32.38568693300907 116.70425822393919 46.25011182759991 48.70111175519895 0.26221019147532604 0.10961534759145142 0.6629465218432772 0.00958659886150885 0.303640934653813 0.15157012622592939 0.7676959479926593 0.02456557035760191 60.0 0.0
1210.0028232456903 0.3806 0.3806 0.3955 807.9326 2735.8498 0.34326296120208843 0.13424861425872966 32.414827419091154 120.869120645127 46.36079140965609 48.440080275777895 0.25898013896941896 0.10675309999283125 0.6547799739981536 0.008895896106757116 0.30506061106686466 0.15172998066818927 0.7712853185464126 0.021571096378325237 60.0 0.0
1220.0028232456903 0.3881 0.3881 0.3955 773.3153 2688.6833 0.34651808541790685 0.1370190171657961 32.42780920963694 123.4456976238369 46.60579000679325 48.39080882411231 0.263354752780222 0.10980403457857452 0.6658403183499954 0.007700142155901286 0.3074000998330187 0.1526645345412363 0.7772002524080095 0.018318400853200446 60.0 0.0
1230.0028232456903 0.3881 0.3881 0.403 730.2362 2646.6722 0.35186021024908654 0.13962397160575626 32.487512078002965 125.5628142158075 46.52564574016138 48.630646779228606 0.2498235480276386 0.09554307137637555 0.6199325080685847 0.005987347109219146 0.30620661740515126 0.14900303085912406 0.759846050597968 0.02271343381286989 60.0 0.0
1240.0028232456903 0.3881 0.3955 0.403 697.0814 2747.9537 0.3383113194222682 0.1320173359188672 32.24812483158315 120.91339450284053 46.10771463576698 48.5379031453127 0.267673890788934 0.11117802964674822 0.6642278030688362 0.010621937917128675 0.30816888597722536 0.15007438387017627 0.764715383721263 0.02088630232926816 60.0 0.0
1250.0028232456903 0.3881 0.3881 0.403 737.2239 2646.0004 0.34628242999480685 0.14014726061241095 32.43052807881895 126.83464735450441 46.81015084267976 48.91261988868229 0.2714642487661369 0.11466237720983868 0.6736335061974509 0.01171137872870521 0.2996281609091853 0.1443976698183916 0.7435217326264969 0.02608464412103822 60.0 0.0
1260.0028232456903 0.3806 0.403 0.4104 767.0471 2637.3731 0.3430622671985146 0.1341045382665359 32.249865371283 122.84806272963256 45.76413049472981 48.334327014340445 0.2820171746274839 0.12060814259862712 0.6870963890924152 0.013570691853312269 0.2996085360974604 0.1410775447895259 0.7299553424919945 0.027517521891551128 60.0 0.0
1270.0028232456903 0.3955 0.403 0.403 700.268 2687.6215 0.3530403346959471 0.13961641500521046 32.388878558199565 128.36442715362904 46.49846734669062 48.21343635024601 0.26215225173353796 0.10693377539563095 0.6505259580054461 0.010929142479987292 0.29719658253928777 0.1419464880234535 0.7374878159308251 0.025369324950923682 60.0 0.0
1280.0028232456903 0.3955 0.3955 0.403 603.7144 2629.2867 0.3502245982305615 0.1372670334803125 32.2555225374258 127.83793577112962 46.05089321139073 48.288463520621654 0.25766306586199333 0.1033632747544355 0.6393861263982797 0.01070981838768917 0.2990373531886038 0.14263943705277762 0.7420556542087575 0.022997291089838334 60.0 0.0
1290.0028232456903 0.3507 0.3657 0.3881 843.8469 2676.3969 0.3212324146347411 0.11403789379533656 31.61412002039712 114.66822180215718 43.93003046815166 47.574754292980344 0.2387572042211416 0.09468280112461355 0.6152589493390958 0.010729745236116663 0.2716722655618612 0.1311611364042379 0.7000785304863346 0.03624889539198924 60.0 0.0
1300.0028232456903 0.3358 0.3582 0.3657 845.7208 2678.3642 0.28844871974818326 0.09144833256013696 30.95520458573237 104.60839405758736 42.49165700098314 44.91465020020986 0.22919259793668842 0.09448114956093265 0.6267715943574744 0.007408813324765128 0.2566509389070372 0.12611023673881908 0.7018617512967956 0.030444081306996256 60.0 0.0
1310.0028232456903 0.306 0.3209 0.3507 857.1973 2674.3714 0.280140368109098 0.08464805081236752 30.720255018824645 103.19651807740038 41.668948327682344 43.58888281678547 0.2096987255043565 0.08540594992311115 0.5978644514379526 0.009819094914466989 0.24450548602686273 0.12145585827948574 0.6971007473957362 0.028802562775546322 60.0 0.0
1320.0028232456903 0.3209 0.3507 0.3806 893.7274 2610.8455 0.2812346765713403 0.08524353212455242 30.827562551098794 101.68108305185179 41.690214697660636 43.194682525508 0.2291540006531136 0.09008014835704628 0.6020909036768083 0.0105804393346574 0.2653701621324623 0.12791447941488787 0.6972470926617637 0.03310508236037442 60.0 0.0
1330.0028232456903 0.3284 0.3657 0.3881 842.4609 2640.0515 0.2606100056851257 0.0736283050011773 30.773159825453472 91.32535704619032 40.95106028316636 43.11343192069171 0.23583891770124926 0.0944853870885443 0.6196551955287726 0.008740703957501542 0.2700965168618802 0.13188599368800538 0.7096653580292539 0.032631028583635285 60.0 0.0
1340.0028232456903 0.3284 0.3657 0.3881 894.261 2675.5214 0.2600888272444435 0.07561090633050752 31.0624702783618 86.6780455845095 41.28101844172911 45.093714875821 0.24623611308569282 0.10098838978872546 0.6345315221823623 0.012145110556721064 0.26396048476007516 0.12524833944293556 0.6802058645740399 0.03794385542044047 60.0 0.0
1350.0028232456903 0.3433 0.3881 0.3955 902.914 2715.8851 0.28868393587496743 0.09282467183461238 31.84245244543519 89.02220368484842 42.442670573685696 46.646129994867 0.24946597834986348 0.09889150354607926 0.630725303752485 0.007839712865531395 0.27755372654104016 0.13244640140571326 0.7017396104999883 0.03536471974126405 60.0 0.0
1360.0028232456903 0.3507 0.3731 0.403 902.8776 2627.1747 0.2935469793527659 0.09343972962079898 32.4054050853116 80.13030346749741 42.32960345931882 44.14162692513166 0.2483966779483805 0.09892955207086451 0.6280217895298676 0.01003365006448629 0.28180312003323144 0.1368566135033353 0.7124833600840191 0.03728359335817703 60.0 0.0
1370.0028232456903 0.3433 0.3507 0.3806 863.9353 2734.4241 0.2952291385133173 0.09225691070377495 33.23868357380158 67.98339373108526 42.51344725649223 43.56227903659985 0.23931691121123574 0.09867677402120842 0.628793452986384 0.012681913345223608 0.2765336614989534 0.13725097811097947 0.726578640016858 0.03155467196849132 60.0 0.0
1380.0028232456903 0.3433 0.3433 0.4104 907.1528 2649.412 0.2719655326590781 0.07299988964699562 33.79357914285271 50.42231862504262 41.42555260646989 44.2838021386812 0.25463849743304945 0.10336690935974374 0.6203919755641568 0.023476299762015453 0.27226720963022877 0.12840337025952522 0.6633419289172847 0.052032481836490514 60.0 0.0
1390.0028232456903 0.3433 0.3806 0.6119 828.0231 2745.0666 0.3022893481215706 0.06692879267286109 34.83808637020609 46.5793994048324 41.568457305591686 45.557636244929384 0.32181469750695857 0.08919690564834307 0.5258923105601518 0.037811295794244415 0.37592259469929923 0.12261805714318146 0.6143125328012938 0.053081921149643954 60.0 0.0
1400.0028232456903 0.3433 0.3731 0.5597 757.1584 2772.3225 0.30263098304798075 0.06470240201366502 34.822414092442436 46.4187736804993 41.42882637976143 44.11928960838207 0.2954098013488447 0.08579807009225258 0.5208541234308578 0.03315932480629703 0.3647465632232389 0.12515807044164853 0.6431057825251845 0.040545695716882595 60.0 0.0
1410.0028232456903 0.3358 0.3507 0.5522 768.3811 2736.8196 0.30551538402615397 0.07055670650699093 34.87688321214197 46.23117694725373 41.93695452410833 43.26898650775962 0.29082801990891693 0.08854362634749718 0.5266345225377685 0.03543421616297133 0.3680276781062456 0.13224970407946615 0.6664284981923907 0.03936113251718244 60.0 0.0
1420.0028232456903 0.306 0.3433 0.4851 782.4727 2656.8693 0.30842838015918866 0.07138316227869425 35.084704373092464 43.46151357466397 41.81950851720097 44.74586589286537 0.253859215889518 0.0849665372841603 0.5233405373722372 0.03333698414090283 0.3446607622484636 0.1422821279616568 0.7105314175583711 0.03165553625745384 60.0 0.0
1430.0028232456903 0.3134 0.3507 0.5 735.3226 2622.3698 0.2888014854926522 0.05904324781702983 35.14577178221992 33.818360442730544 40.667922616051925 45.001927397462396 0.26476086223461964 0.09080626169472283 0.5295217244692393 0.040667556158405505 0.35100125380478736 0.14426890052438987 0.7020025076095747 0.040586542827643436 60.0 0.0
1440.0028232456903 0.3358 0.3507 0.4925 739.4965 2683.1283 0.2971392704649723 0.05874089216958963 35.93658877342093 23.927443117611535 40.79762403766804 45.58511161122964 0.26125628473531687 0.08961277426661933 0.5304294265838252 0.038387592751034996 0.3435048843561127 0.13872060904762087 0.6974190076321076 0.033219941306966996 60.0 0.0
1450.0028232456903 0.3284 0.3731 0.791 713.244 2706.1704 0.3753444058807658 0.03481499116048668 38.07751440620524 8.867623752472912 40.922448910029914 45.36896333972807 0.34765889083129403 0.05997795542680463 0.42739716854489357 0.03946627252542759 0.5372558297085884 0.10049910157257334 0.6604796438619344 0.04162237992995678 60.0 0.0
1460.0028232456903 0.3284 0.3358 0.7612 731.8323 2677.1482 0.42616898899459404 0.02295069839621241 38.95561201996759 4.720372984257228 41.1850722303129 44.36276998394498 0.3281187445141378 0.06438422456394799 0.42687292975625696 0.04138320160652495 0.5324578711865905 0.11222836054174179 0.6927121819320692 0.03423853221782417 60.0 0.0
1470.0028232456903 0.3209 0.3955 0.791 724.7079 2694.9681 0.376828668696492 0.030487703402254977 38.17267136285107 6.829687455392337 40.89661827913364 43.58393823783005 0.36694207075734425 0.0647973311331557 0.4595349297334966 0.038351246941157886 0.547567449980494 0.10842802694987393 0.6857386756765065 0.04040327149544549 60.0 0.0
1480.0028232456903 0.3284 0.3582 0.8358 598.9221 2635.0077 0.4035191893160465 0.025587823481305054 38.58215657029841 5.768556271286093 41.001314665821596 43.35769048752918 0.3589896913581148 0.05581521514466254 0.4146949882929947 0.041249926511730865 0.5860667008767382 0.08653407130902624 0.6770080854955424 0.037975107580017424 60.0 0.0
1490.0028232456903 0.3433 0.4179 0.8806 642.2179 2630.7286 0.4514513364845674 0.027135133038188586 39.269940834766146 6.118286528136088 42.0377623787064 44.11817192929087 0.3628817095465303 0.0581903687896849 0.40521790899362553 0.04773674540559166 0.6285673700612326 0.07311705923560631 0.7019002299017099 0.0298141742568903 60.0 0.0
1500.0028232456903 0.3582 0.5 0.8209 651.9395 2684.875 0.4446726169938839 0.033175602247950346 39.124351211025086 8.186930060224846 41.88891884668371 46.16695905373148 0.3365033657759767 0.070025585125435 0.40992228194528074 0.055071902382890954 0.5674855014561543 0.09491614940698044 0.6913005199556789 0.02943647098856538 60.0 0.0
1510.0028232456903 0.3358 0.5448 0.7761 708.5541 2654.099 0.4212613597080605 0.03392392252066319 38.73758058039463 8.578247625180438 41.36909080681026 44.456576513692696 0.3357734950839764 0.07631222151915923 0.4368315372937169 0.054927014203996406 0.5474057570903587 0.11189932539748362 0.712158946117554 0.02742718783090815 60.0 0.0
1520.0028232456903 0.3358 0.5075 0.7985 686.7483 2718.4593 0.4611377090008086 0.03236192273099905 39.35061239657652 7.663297275515522 41.90079971557446 44.56639326977887 0.3375968563381446 0.06448825894754268 0.41887017360473505 0.04579717608066465 0.5754049019514006 0.1027844542415938 0.7139283042730341 0.027940078693435056 60.0 0.0
1530.0028232456903 0.3507 0.5299 0.7836 697.4556 2792.922 0.43446493958130955 0.03504209613288854 38.92810921523577 8.636833784078078 41.975701641468234 44.67055008752544 0.34897132182591245 0.07015145444956067 0.45400152548225503 0.04332063289781719 0.5449780570303558 0.11436076204013307 0.7090005790492009 0.031685282874756276 60.0 0.0
1540.0028232456903 0.3209 0.5373 0.7836 669.3304 2735.3551 0.44540272212999 0.03711675492893206 39.130329987153125 8.831726982355054 42.596381115617994 44.50811135026513 0.3503756542481579 0.06772440377919374 0.4471460730405063 0.0429225179224709 0.5469650507284372 0.11215974905683734 0.6980315885486722 0.036971913563294774 60.0 0.0
1550.0028232456903 0.3358 0.5597 0.8731 626.0374 2561.1553 0.4793825846310387 0.03764973837186006 39.724652981172724 8.919330697280676 43.84199037601675 46.91727639865149 0.38325972972336825 0.06195035629039966 0.43894704087975506 0.046374785123840995 0.5841905106932759 0.08801781472540851 0.6690728925888801 0.04363488591953792 60.0 0.0
1560.0028232456903 0.3881 0.5522 0.7985 632.4082 2670.1955 0.5152722142853192 0.031168877203283495 40.22568806161238 7.516733557357176 43.42297346291574 47.00112998342853 0.3640996093937202 0.0695443189318952 0.4517532190625788 0.046475065254794445 0.5643836247203717 0.10518880765696316 0.7002537565974983 0.03471594234289452 60.0 0.0
1570.0028232456903 0.3806 0.6194 0.8284 676.5462 2658.8444 0.48226929784419653 0.021899065104732125 39.685557286418735 5.118895645636388 41.432785142629086 44.00521984612425 0.4025988402920456 0.07047108258370119 0.49043858726485556 0.04251242044419324 0.5986358547245848 0.10342518132681033 0.7292473139372214 0.03007580714164947 60.0 0.0
1580.0028232456903 0.4104 0.5896 0.8582 560.1835 2697.4407 0.45797523114724836 0.016996105324291473 39.37273826886574 3.8904753782744814 40.9800562461 43.436351246401614 0.43565718944558945 0.06902279094232448 0.5120882753132368 0.04175338424698297 0.6156650501146201 0.09235600643538949 0.7236764624154306 0.02984515704346427 60.0 0.0
1590.0028232456903 0.4104 0.5746 0.903 582.4547 2675.8454 0.45123354633279705 0.015790647254803343 39.31185926709155 3.3100577699791383 40.96789230135009 43.102184029530164 0.44032332577510475 0.05913092511569266 0.491694380448867 0.04061638632175359 0.6415350785084636 0.07565254974523293 0.7163808376677844 0.030484210075829642 60.0 0.0
1600.0028232456903 0.4328 0.6045 0.9254 594.0423 2778.2721 0.4276831493690394 0.017913566471775916 39.02089964463712 3.6055634743528913 41.05244178969553 44.81154211779366 0.4623967483781653 0.05364168013539397 0.5078783957596241 0.03567146803932371 0.6346813220436653 0.07054840730455895 0.6971089930643537 0.03366639242633877 60.0 0.0
1610.0028232456903 0.4851 0.7313 0.9254 522.74 2667.8867 0.45147504931489607 0.011382996936739099 39.35864330064891 2.188197755201754 40.91456136713595 44.17851746311162 0.5221381740555995 0.048704933712266835 0.5688334579142303 0.02631680237789943 0.6570175942372902 0.06586292921025691 0.7157752652666414 0.029399370607898788 60.0 0.0
1620.0028232456903 0.3955 0.6642 0.903 401.3672 2829.1013 0.4755960513892136 0.007737149785933332 39.681188395892754 1.465381431052134 40.82251694729423 43.259296073194584 0.47560660703628793 0.05592973304759963 0.5310940445238549 0.03279301499047372 0.6530993062656325 0.07540730485949922 0.7292942253299564 0.02824327571043722 60.0 0.0
1630.0028232456903 0.3657 0.6493 0.8881 475.5571 2681.6904 0.48423760118462866 0.009567833907611062 39.797588455121655 1.8394974197065759 41.194629201677685 44.28540849846967 0.46017539178723343 0.05671191619130528 0.5225720550804176 0.0315819491496115 0.6235241633211491 0.07992735379065541 0.7080698125850337 0.03048170815996953 60.0 0.0
1640.0028232456903 0.4179 0.6493 0.903 460.3533 2671.2664 0.49350128031474333 0.007744377980833416 39.921049133833336 1.462822789160662 41.01071826794758 43.32685707563829 0.45369425668099606 0.057769824703417794 0.5108826083634745 0.03564931446410035 0.646705328408941 0.0761128578281405 0.728222806779816 0.025922258897808158 60.0 0.0
1650.0028232456903 0.3507 0.6716 0.8806 381.237 2781.8966 0.4929340017025931 0.00865272868702958 39.911826754415124 1.6211021064190767 41.180577002969656 42.95365483444262 0.45697934309014393 0.060878783574912554 0.5189426438481296 0.0367738557236622 0.6407340905664852 0.08003277504303212 0.7276132892873646 0.027222673962335162 60.0 0.0
1660.0028232456903 0.3731 0.6642 0.9104 475.557 2793.5447 0.5278149480462855 0.008587675414726183 40.407932931954235 1.7105070307636838 42.006006419693676 44.95172767629675 0.4580995010565616 0.05783433840188954 0.507316802822969 0.03892288785158953 0.647862505393894 0.07600727049226565 0.7174675679568744 0.033885855049758946 60.0 0.0
1670.0028232456903 0.3806 0.694 0.8806 503.9637 2716.4071 0.5601188609853961 0.011821799033191825 40.88043311657233 2.4393639797035442 42.933360893651255 44.98654906239584 0.43334574261237035 0.06049370790965626 0.49210448737336976 0.03960376922739492 0.6597254866843738 0.08073835975014772 0.7491797899636109 0.02418934890601882 60.0 0.0
1680.0028232456903 0.3881 0.6567 0.8657 510.3685 2734.3989 0.5510085819859948 0.013477635980862393 40.76028153862436 2.8182873624905045 42.902081191861086 44.93419198148828 0.4337576862477511 0.06710578206108629 0.5054219996278143 0.041751632881721956 0.617721731022548 0.08759588717403058 0.7197801039740994 0.028091233072623893 60.0 0.0
1690.0028232456903 0.3582 0.6642 0.8806 577.6852 2692.1178 0.607694831228305 0.020274865445922653 41.6746214196604 4.877895938541786 44.361709511939736 47.082042057533464 0.4250533660545965 0.05620301356973198 0.4786315214396296 0.03748594674117073 0.62695379374725 0.08032260491935396 0.7059815828750545 0.03426812693886457 60.0 0.0
1700.0028232456903 0.3582 0.7015 0.9179 560.4696 2668.7609 0.6240772760532893 0.017198689695860084 41.911464452581875 4.306113347565807 44.4543492899592 47.68475010141243 0.43039390498446595 0.05142608485001317 0.468884416812345 0.03786733064369864 0.6351202736031522 0.07282799391175843 0.6919196476652226 0.03977171340132795 60.0 0.0
1710.0028232456903 0.3731 0.709 0.9179 578.5325 2661.7546 0.6394462915655846 0.023631015451171505 42.24283175892639 6.174450702295285 45.596484894048004 48.021394953873724 0.43495955776105477 0.051198943022827605 0.4700369414514624 0.03873974650557072 0.6437390966140655 0.07243943029393549 0.6956535398893934 0.041920735088176224 60.0 0.0
1720.0028232456903 0.3433 0.7015 0.8955 577.6006 2733.4024 0.6574592880158375 0.020923892039396007 42.5544823217543 6.110391518997645 45.894187942461045 48.055328710252695 0.4159508873958794 0.05446467379092629 0.4683816715214104 0.036622415555540334 0.6492431851894954 0.08057386659426195 0.7310805614738856 0.030479560776401557 60.0 0.0
1730.0028232456903 0.3955 0.7015 0.8731 497.01 2642.9601 0.6871705194076732 0.017931118672823123 43.02062049003464 5.351544993068041 46.058672388231244 47.52340529577289 0.3788251311149147 0.046407611393809466 0.4338680988837485 0.029121465041301777 0.6307208614469088 0.08342152695849259 0.7223640635374853 0.028876652156245047 60.0 0.0
1740.0028232456903 0.3657 0.694 0.8507 607.1127 2648.9949 0.6579653777050668 0.02166132460870478 42.567393016245454 6.243908508795805 46.068597541580786 47.818805970633356 0.3674730053748261 0.051538437631152755 0.4357644488515637 0.031177206251683492 0.6210413229736311 0.09532749238305631 0.7364560821103237 0.02744458604004699 60.0 0.0
1750.0028232456903 0.5373 0.6642 0.7985 619.0248 2687.5313 0.5823125151322296 0.02411898362581844 41.37062436480041 6.500584657276873 45.49784849057497 47.97391888558397 0.4209084657916612 0.0710511911320846 0.5222382816303944 0.034903094011219306 0.5781297499880496 0.11137436865195512 0.7173091342444319 0.03766962167423567 60.0 0.0
1760.0028232456903 0.6493 0.7015 0.7761 574.2275 2691.3121 0.525419728790891 0.016542684880095648 40.39949611125461 3.4140522598227063 42.85124028742288 45.92599496113431 0.46739164315146203 0.07835939446017536 0.6080629143912224 0.015798923505913144 0.5147671888866866 0.11719530321895404 0.6696971195224855 0.04804013839054668 60.0 0.0
1770.0028232456903 0.5597 0.6716 0.8134 591.6661 2698.8292 0.5204516659268285 0.016291539631417096 40.3298792901014 3.3883697566767528 42.39408524337237 46.19141421630019 0.4620325134661617 0.07292838231068614 0.5628396073133242 0.03172724848288506 0.5440892767272623 0.10249728918995829 0.6627996643768468 0.04566244864333539 60.0 0.0
1780.0028232456903 0.4851 0.6493 0.7836 510.8508 2719.9205 0.5408288815440749 0.012614155142504746 40.60689554299295 2.606193062705382 42.42496636174965 46.11044805217066 0.41653505848816624 0.07621686112334233 0.5315780746420407 0.035727272129376014 0.5530729486094558 0.112867478516158 0.7058264296539721 0.03548599045815385 60.0 0.0
1790.0028232456903 0.4701 0.6567 0.7836 512.6996 2688.2368 0.5704301968322499 0.018240315960693452 41.1361958632626 4.877352519514454 44.435168151608536 48.00529385964027 0.41126438313249625 0.07485843624149892 0.5248516889500429 0.03554269849470004 0.5502082306800331 0.11308258182499886 0.7021705039154709 0.03688580437950707 60.0 0.0
1800.0028232456903 0.4925 0.6418 0.7164 395.1157 2650.4021 0.564691018674942 0.022654378732773952 41.08827899767718 5.9491803819028055 44.77500565121648 47.96400585456627 0.3817448875734711 0.08191898463185494 0.5273589168540734 0.03590116510728812 0.5300121791146947 0.13128471784543744 0.7321817732099906 0.03231721833063465 60.0 0.0
#####################################################################
# End of data export. Simulation finished at: 2024-12-17T14:34+0000 #
#####################################################################
