#####################################################################
# Alchemist log file - simulation started at: 2024-12-17T17:40+0000 #
#####################################################################
#
# Algorithm = bc_re, CamHerdRatio = 2.0, NumberOfHerds = 4.0, Seed = 29.0
#
# The columns have the following meaning: 
# time 3-coverage 2-coverage 1-coverage CamDist ObjDist NoisePerceivedNormalized[mean] NoisePerceivedNormalized[variance] NoisePerceived[mean] NoisePerceived[variance] NoisePerceived[percentile90] NoisePerceived[max] BodyCoverage[mean] BodyCoverage[variance] BodyCoverageOnlyCovered[mean] BodyCoverageOnlyCovered[variance] FovDistance[mean] FovDistance[variance] FovDistanceOnlyCovered[mean] FovDistanceOnlyCovered[variance] ClusteringDistance[mean] ClusteringDistance[variance] 
0.0 0.0 0.0 0.0 0.0 0.0 NaN NaN NaN NaN NaN NaN NaN NaN NaN NaN NaN NaN NaN NaN 60.0 0.0
0.007558359740610698 0.0 0.0 0.0 0.0 0.0 NaN NaN NaN NaN NaN NaN NaN NaN NaN NaN NaN NaN NaN NaN 60.0 0.0
10.00755835974061 0.0 0.0 0.0 765.0 2654.8486 0.0014113603734941754 1.0045422353032955E-6 25.00572973579535 0.9471581638905361 26.16074542420206 26.364481978626237 0.0 0.0 NaN NaN 0.0 0.0 NaN NaN 60.0 0.0
20.00755835974061 0.0 0.0 0.0 800.0 2572.5057 0.002122576130521259 2.178661260325751E-6 25.487371239608024 1.1776362554779713 26.725220257294307 26.95782439198314 0.0 0.0 NaN NaN 0.0 0.0 NaN NaN 60.0 0.0
30.00755835974061 0.0 0.0 0.0 800.0 2568.6706 0.004144862863858484 8.203524214126052E-6 26.368475218896176 1.6365510310748774 27.79632406117058 28.368611032024337 0.0 0.0 NaN NaN 0.0 0.0 NaN NaN 60.0 0.0
40.007558359740614 0.0 0.0 0.0 800.0 2612.5228 0.01171783407868792 9.864926195891829E-5 27.937007977484797 2.7246167848422727 30.015424054557585 31.645562119123817 0.0 0.0 NaN NaN 0.0 0.0 NaN NaN 60.0 0.0
50.007558359740614 0.0 0.0 0.0909 750.7016 2562.0722 0.022056202246159697 0.001529246756218601 28.06129520387278 7.045727206944595 32.46861675581246 35.850865158930375 0.015033622012394244 0.002280569882668313 0.1653698421363368 3.833915984629505E-5 0.06075788378948957 0.039407256315050064 0.6683367216843852 0.026322144824524454 60.0 0.0
60.007558359740614 0.0 0.0 0.1061 712.9496 2388.2099 0.02507560485807737 0.002238177288392222 27.43854382149802 11.161585764464512 33.463732143387766 36.23991122442179 0.018195887508056268 0.0028271626960643457 0.17156122507595897 1.535908016696312E-4 0.06751277949934505 0.04252512601403187 0.6365490638509673 0.03843987003235156 60.0 0.0
70.00755835974061 0.0 0.0 0.1364 717.8426 2423.6828 0.04050640857959592 0.0050452200029801894 27.426057861397975 18.564790998622037 34.7944134030723 36.5827424323183 0.02558562646237089 0.004681413686680421 0.19866486429605631 0.001795263556958618 0.07366949278362844 0.04168956145203494 0.5720219439669971 0.038447962862743004 60.0 0.0
80.00755835974061 0.0 0.0076 0.2424 643.0503 2306.8959 0.05986139609914083 0.01075501355053878 27.566449941432303 25.7120183310541 36.282116705350084 37.56777028046577 0.0564472163304476 0.010366362232451956 0.23284476736309634 0.0014080502250148333 0.13758886827190803 0.07042978480551211 0.5675540816216206 0.04572223974774174 60.0 0.0
90.00755835974061 0.0152 0.197 0.25 676.4523 2292.5243 0.10232771625449545 0.03368588488281538 27.98251863291305 39.678228762959115 38.87652817315337 41.96151374313946 0.0761305940810934 0.01837660547427806 0.3045223763243736 0.003505370140465755 0.16440794144379284 0.08846608810768537 0.6576317657751714 0.02766215446974065 60.0 0.0
100.00755835974061 0.0 0.1742 0.25 742.0549 2505.0784 0.10430850711423711 0.03301814024888512 27.752080996845173 42.06240875289492 39.03375702307799 40.24933879644195 0.08657673064377755 0.023629137028032324 0.3463069225751102 0.003974592382562824 0.1742997998295316 0.09711748571328123 0.6971991993181262 0.02161700690863708 60.0 0.0
110.00755835974061 0.197 0.197 0.2273 709.1453 2596.868 0.1406712940882316 0.05999413046207982 27.94197545077865 56.61437240108406 41.07089338912577 42.28287452765946 0.09022477499245105 0.027089756897714697 0.3841829128710819 0.0015937883252368857 0.1768651723830296 0.10665955093474631 0.7531033146632228 0.017314288928913926 60.0 0.0
120.00755835974061 0.197 0.2273 0.25 674.5188 2525.5089 0.17684169333725436 0.09569794365191799 28.190654915802142 76.23894557511824 43.510519981366215 46.32251989145022 0.1059522506776634 0.035129347822730715 0.4238090027106535 0.00489050978148156 0.18391921754934462 0.10990334309716515 0.7356768701973786 0.03131661332747622 60.0 0.0
130.0075583597406 0.1818 0.1818 0.197 663.5316 2585.6976 0.19523160461921796 0.1158320722491268 28.26795662048822 89.95280138431914 44.97416066855583 46.363123087400034 0.0858311463771838 0.027851209963760313 0.4046325472067236 0.001354839439711075 0.16913391233547825 0.11127313959393355 0.7973455867243974 0.020427063552899714 60.0 0.0
140.0075583597406 0.1515 0.1515 0.2121 639.8843 2568.8166 0.18550331132413847 0.10456741532808708 27.908134474347897 84.84005969188178 44.12580982910121 45.26437855889839 0.08923179709710069 0.027695226365920127 0.39261990722724305 0.001882355322109913 0.14940442664814213 0.09162962076801895 0.6573794772518254 0.06846583185951459 60.0 0.0
150.0075583597406 0.2121 0.2424 0.25 614.694 2614.5157 0.18942770971091707 0.10922703354926808 27.84481636878146 89.04785677453195 44.4570294793303 45.571778361267185 0.09014727422300908 0.02604446428491809 0.3718575061699124 0.001923573008578696 0.18407514904379652 0.1156975077016154 0.7593099898056606 0.038043985629663 60.0 0.0
160.0075583597406 0.197 0.2197 0.25 660.974 2592.1922 0.19809168790431866 0.11920272863858293 27.856674609368643 96.92793800229406 45.00683456062866 46.68934973249467 0.09954037824554747 0.030426887371037433 0.3981615129821899 0.0019450197720097381 0.20615430165162515 0.13103566868180902 0.8246172066065005 0.010494767058973979 60.0 0.0
170.0075583597406 0.25 0.25 0.25 675.8909 2651.11 0.19066426133562372 0.11093815621658697 27.692575129261442 92.05442450334645 44.63109730091465 46.11465848537935 0.09401096082969265 0.027093407446490494 0.3760438433187706 0.0015426348770607823 0.19777961086935364 0.12217763490882905 0.7911184434774144 0.01609460877206037 60.0 0.0
180.0075583597406 0.1212 0.1212 0.1288 583.4554 2666.6385 0.1988048473298922 0.12018277971040892 27.676066592996794 99.88749604617406 45.22290767965554 47.23071940905484 0.0608041645567344 0.019840176042999657 0.3821976057851877 9.755591414414922E-4 0.115590050837406 0.07719416492851473 0.7265660338351233 0.039511663709847086 60.0 0.0
190.0075583597406 0.2121 0.2348 0.25 668.3161 2639.7255 0.20223239870604967 0.12440888926604947 27.649866729370757 104.32038997364137 45.76922725966603 47.29923313820795 0.09276009218922142 0.027528133774521676 0.38263538028053834 0.001834071274009398 0.19293463481837217 0.12155476104889218 0.7958553686257852 0.018350555032230896 60.0 0.0
200.0075583597406 0.2197 0.2273 0.25 591.7634 2591.9452 0.20162903062385054 0.12343326969786562 27.48132177876289 104.95030129850409 45.67147248944585 47.06718341887047 0.09517072495175066 0.028011506913632217 0.38068289980700265 0.0025859536906400844 0.2104567279704458 0.13729343349806566 0.8418269118817832 0.013931068325880971 60.0 0.0
210.0075583597406 0.25 0.25 0.25 626.7964 2603.6376 0.19630851316646922 0.11712294304426475 27.274215666951733 101.86407646407577 44.88097189473267 47.130418136567016 0.09175134453831096 0.025723162469348897 0.3670053781532438 0.0011276197046224054 0.2037357470562949 0.1313528378041544 0.8149429882251795 0.024061028731997777 60.0 0.0
220.0075583597406 0.1515 0.1667 0.2121 650.7315 2678.8884 0.20220532920236878 0.12439676353770768 27.326338958099637 108.31555384142845 45.70018340196073 47.494131776877936 0.0896921898371834 0.026892754008460588 0.38191513091961965 0.002107184275688938 0.17507892816603088 0.10737399238131122 0.7454973715456796 0.029446134836995413 60.0 0.0
230.0075583597406 0.25 0.25 0.25 621.636 2604.7613 0.19559475039283633 0.11609771140228953 27.03848148620011 103.628881643687 44.791849203399984 46.48847046055714 0.09142210049717962 0.025688072309167247 0.3656884019887185 0.0017302903316127331 0.20823575551116077 0.1336766733654356 0.8329430220446431 0.010632524407616346 60.0 0.0
240.0075583597406 0.1742 0.1894 0.25 590.1991 2582.2049 0.18960355253045919 0.1093108464451597 26.85376570973644 100.28733681678193 44.32494865281779 45.94571902816565 0.08653668025064333 0.02479299622197306 0.3684787675188684 9.100882467133466E-4 0.1918072259737859 0.12459835013566348 0.8167275428561206 0.01667683954128054 60.0 0.0
250.0075583597406 0.1818 0.1818 0.197 638.489 2696.4843 0.19283098832856493 0.11192735679210633 26.53564110451782 113.37838804539854 44.58983227146927 46.55971022659422 0.07531825806752124 0.02237389019228069 0.3682225949967705 7.277595915987518E-4 0.1643598011768658 0.11146935136297363 0.8035368057535662 0.028277858353644287 60.0 0.0
260.00755835974064 0.1136 0.1136 0.1212 555.2687 2795.3117 0.1992553515170377 0.11359050044305707 25.142601335475184 160.2539017441338 45.09815593892137 47.27348039117386 0.06719712854078475 0.018876478577741797 0.34115465259167643 0.0017123884472107678 0.11975008293436454 0.07733578482992524 0.6079619595129275 0.09655269340093314 60.0 0.0
270.00755835974064 0.1288 0.1364 0.1439 594.8227 2697.2965 0.20857310443727248 0.10295051904919686 20.1263281876786 279.2220936699964 44.56573705890868 46.55639498188235 0.060008824118938056 0.017304678075892407 0.3443984688565141 6.461631453507478E-4 0.1160247329717862 0.0754516871355059 0.6658810761859032 0.06649888830494755 60.0 0.0
280.00755835974064 0.2273 0.2348 0.25 566.8879 2656.5246 0.21555908207363736 0.10026742626866154 17.67991007528661 322.59375388192194 44.59852522708264 46.45444937810862 0.08202840391464268 0.020671807420214884 0.3281136156585707 0.00135805589780547 0.17948217614517564 0.11020687506916296 0.7179287045807026 0.05251298183601446 60.0 0.0
290.00755835974064 0.2045 0.2197 0.25 576.2744 2726.7598 0.2176091943771155 0.09773499596127266 16.57853237918922 336.2221528853512 44.273120156309 45.776321515458 0.08238915734023802 0.020896288021420913 0.3295566293609521 0.0015430101531650846 0.18509006266612044 0.11297533675450061 0.7403602506644817 0.03854593502910113 60.0 0.0
300.00755835974064 0.2197 0.25 0.25 609.9109 2768.2503 0.21983040786664926 0.09957963839576159 16.45619165808964 340.25901609027693 44.665872730660396 45.942144767610614 0.08577536361928849 0.022739275131169877 0.34310145447715396 0.002040921643464798 0.19736605572390872 0.12533483601239967 0.789464222895635 0.031041655519600277 60.0 0.0
310.00755835974064 0.2424 0.25 0.25 665.3609 2661.0625 0.23005043494764646 0.11060660377433246 16.650374610093134 352.1051456808195 45.42395338014467 46.79946546478596 0.0896414166708112 0.02494714249961712 0.3585656666832448 0.0026870177712763938 0.20460619181946407 0.12806347310504337 0.8184247672778562 0.00619663310433663 60.0 0.0
320.00755835974064 0.1742 0.1894 0.2424 648.8519 2657.8417 0.22272208424377096 0.10299542571153637 16.52764849353605 344.1967124278027 45.06862751422437 46.369506723790614 0.0673706650434041 0.01824245891993298 0.3293676957677533 0.0023015940078490852 0.15409164463041697 0.09693741815910674 0.7533369293042605 0.01961901950477694 60.0 0.0
330.00755835974064 0.1591 0.2273 0.2273 636.95 2730.9584 0.2229470266446538 0.10284045904465623 16.50854251449696 343.5270314392606 44.65131888013352 46.41258140796812 0.06876645270463654 0.018073663995113308 0.3241847056075723 0.0018212826623689245 0.1686182341928272 0.11167877906192947 0.7949145326233283 0.02555789760355272 60.0 0.0
340.00755835974064 0.2121 0.2197 0.25 610.3559 2646.9893 0.22366553451286122 0.10402133273719405 16.523366057582205 345.0423938209634 45.05055427224593 46.728689693452566 0.07450264787857415 0.019404197143276434 0.3278116506657263 0.0017524329587879635 0.17772685201287403 0.11292410978888306 0.7819981488566458 0.021271976419746656 60.0 0.0
350.00755835974064 0.2197 0.2273 0.25 655.3098 2687.1106 0.21290747275048721 0.09261086984217515 16.31930949264482 333.0501863044611 44.16655154471525 45.27753633494493 0.08146690810738008 0.020574638904610944 0.3258676324295203 0.0020963211981193377 0.1800302547034604 0.10802242490332657 0.7201210188138416 0.04113200591665791 60.0 0.0
360.00755835974064 0.2045 0.2045 0.25 640.7873 2713.1117 0.2229720343822519 0.10288260757065044 16.488925497131056 343.5209380965991 44.837907673666216 46.60329420029059 0.08559439209767317 0.022870695351898715 0.34237756839069267 0.002962709609529002 0.20647954316117265 0.13454101226865517 0.8259181726446906 0.02318397239223204 60.0 0.0
370.00755835974064 0.2424 0.25 0.25 660.3708 2707.5829 0.22093954942191174 0.1019772320492546 16.493283274450313 343.5363286457622 45.26422051869732 46.937771010413215 0.07991067766265776 0.020039090389933265 0.31964271065063105 0.003011785778037581 0.1958418585011805 0.1204575633810031 0.783367434004722 0.018491985018675647 60.0 0.0
380.00755835974064 0.2424 0.2424 0.25 648.3123 2689.3929 0.22065732387755096 0.10106099441418792 16.453415762108882 341.8273316496249 44.840679416187044 46.45404703592466 0.077550547781088 0.019666865852444353 0.31989600959698794 0.003082204804746949 0.188391401720462 0.1214685729895295 0.7771145320969058 0.04103914392647185 60.0 0.0
390.00755835974064 0.2045 0.25 0.25 570.6646 2693.6551 0.21726725727425247 0.09695721292343287 16.373976698257955 337.21317101324314 44.430346972714915 46.00015382714527 0.08111412459037863 0.021024695278627253 0.3244564983615146 0.004648518847095031 0.19417713234792897 0.12407522319677299 0.7767085293917159 0.041336555716832306 60.0 0.0
400.00755835974064 0.197 0.197 0.2121 610.0408 2762.1587 0.21935081126325226 0.09878871107942579 16.389432524609642 338.6494033718407 44.51653352443583 45.726654615292965 0.0760567135717771 0.020472083696501154 0.3346495397158192 0.002955305412212234 0.16803212784361427 0.10473974885707557 0.7393413625119027 0.03617691934546115 60.0 0.0
410.00755835974064 0.2197 0.25 0.25 673.1008 2693.0275 0.22583792385787033 0.10619972667200432 16.526537169509897 346.848154451913 45.22548148700251 46.5769683879809 0.08256916351248622 0.021306113828549265 0.3302766540499449 0.002853277291621501 0.19962793292110714 0.12373527088627301 0.7985117316844286 0.013381284111549494 60.0 0.0
420.00755835974064 0.2424 0.25 0.25 619.6275 2753.6975 0.22176918762912168 0.10253429779386594 16.471785691959482 343.5046127115834 44.935967388352154 46.650503793213325 0.07637035893833169 0.018532669273021215 0.30548143575332676 0.0036917722473566207 0.19162230783534068 0.11678846243628585 0.7664892313413627 0.023703795954287434 60.0 0.0
430.00755835974064 0.1515 0.1591 0.1742 654.1417 2629.6849 0.2221662958136947 0.10312749463693953 16.476651216344628 344.3600430422204 45.35504139702087 47.27678037948648 0.06957196296689393 0.01893424404034 0.3279821111296428 0.003973207525768707 0.15866275154314166 0.10550351173807154 0.7479815429890962 0.05476191953397724 60.0 0.0
440.00755835974064 0.2424 0.25 0.25 707.9189 2686.8118 0.22226160371851747 0.1027895573113124 16.442178222470055 343.5200509266543 45.0695775761698 47.411929506786365 0.08216302508726274 0.021067858860191625 0.32865210034905096 0.002705858901718554 0.18965251802734742 0.11571572963961094 0.7586100721093896 0.0286063079850056 60.0 0.0
450.00755835974064 0.2348 0.25 0.25 683.4293 2750.7016 0.2254244454202755 0.10651676340915588 16.520987228561616 347.9187623522757 45.33079676021614 47.601068269962084 0.08657387712621682 0.024464048145384734 0.35711724314564436 0.0036479959442248795 0.19142716288956413 0.12205270887894765 0.789637046919452 0.028164738797215753 60.0 0.0
460.00755835974064 0.2273 0.2348 0.25 657.0082 2572.502 0.2168999805087621 0.09677492856255226 16.32325762206483 336.5035317485743 44.56292797415313 45.98375205140478 0.09300540479200113 0.0281128196097414 0.38364729476700465 0.0036984572309672115 0.18282492413013318 0.11778171555253272 0.7541528120367994 0.052955215260203595 60.0 0.0
470.00755835974064 0.197 0.2348 0.2424 663.9403 2647.923 0.21985170658068517 0.100020923583959 16.371612623908963 339.9550784232004 44.63775806700125 46.68474893214268 0.08806457900241528 0.02504683528199739 0.36326638838496306 0.002646621485699885 0.1800478765375613 0.11625167066700913 0.7426974907174404 0.05989865309784363 60.0 0.0
480.00755835974064 0.2424 0.2424 0.25 649.2057 2652.5157 0.21959665468200396 0.09956726605233278 16.355545806214344 339.19236739880824 44.729623369166454 46.19921954585497 0.08873242708557848 0.025556682319806512 0.36602126172801125 0.0032299965190140953 0.19208691836669728 0.1261453770145135 0.7923585382626263 0.0420926904277541 60.0 0.0
490.00755835974064 0.2197 0.25 0.25 665.0725 2530.2115 0.2186493363745753 0.09853854600691997 16.32145922796997 337.9674761432487 44.622303411614205 46.12648538889637 0.08619566702600491 0.022924333944167496 0.34478266810401964 0.001904041034969186 0.20136986680747124 0.12785638695230367 0.805479467229885 0.021608021267515914 60.0 0.0
500.00755835974064 0.2045 0.2121 0.25 648.6485 2556.8886 0.216711914488706 0.09646476306906003 16.271278664755155 335.5820458228899 44.53568682164699 45.69872134085497 0.08429413579640917 0.0218597027825293 0.33717654318563667 0.0015575793113940535 0.19294498941126162 0.12038393392851417 0.7717799576450465 0.03212808890081988 60.0 0.0
510.00755835974064 0.25 0.25 0.25 689.1743 2586.5833 0.2305715672896047 0.11169597643453051 16.54388127500049 352.61923487344535 45.60008975997735 47.63054280815584 0.08487475430557072 0.02240936603409237 0.3394990172222829 0.0025922587114819208 0.1956781919570386 0.12048032585488233 0.7827127678281542 0.019378143224675536 60.0 0.0
520.0075583597406 0.1667 0.1667 0.1818 632.6131 2620.8257 0.22265054633392214 0.10300323152243446 16.383441119281063 342.6354926429672 45.130890049531445 46.639576060502684 0.06745494270852123 0.019256047513765768 0.3424635552894155 0.002954044684483626 0.1436265112599516 0.0913025363183678 0.7291807494736003 0.03437141689905321 60.0 0.0
530.0075583597406 0.2348 0.2348 0.25 592.398 2618.4273 0.22150764766395817 0.10167164230749823 16.343997419534247 341.0358312745632 44.87450528059055 46.30096444743324 0.08480018526933383 0.0232269595749981 0.34980076423600204 0.0024649917054194318 0.18295606576941362 0.112682739407774 0.7546937712988312 0.030769630215058148 60.0 0.0
540.0075583597406 0.1742 0.197 0.197 635.1821 2589.0427 0.22526507957685005 0.10571264291074342 16.408693458064604 345.5254516976817 45.216825539773616 46.91198018480498 0.07816418464490484 0.02344835444443524 0.3684882990402656 0.002824642143382124 0.15627036321172974 0.09782931465434454 0.7367031408552974 0.031209407779573914 60.0 0.0
550.0075583597406 0.1515 0.1515 0.1515 608.1785 2619.681 0.2215747315754369 0.1017716117503232 16.33102297853809 341.10297077239255 45.18162159230669 46.774791766157186 0.06847732706478063 0.018674260260626258 0.33477804342781636 0.0015090003415797787 0.14892539733336138 0.09539003343268872 0.7280797202964334 0.04273040030591414 60.0 0.0
560.0075583597406 0.2121 0.2273 0.2424 673.0739 2593.2775 0.22221197565068285 0.10221251202182174 16.329176679233207 341.3177933879815 45.003790383531836 46.68572841415824 0.08065086087867829 0.02188434827217486 0.34341656890275923 0.002315619651064918 0.18216258431285726 0.11552406793690939 0.7756600364289405 0.028757766151364564 60.0 0.0
570.0075583597406 0.1894 0.197 0.2273 697.5562 2648.0652 0.23123006567182416 0.11235396510541994 16.53948508152789 353.38652867744406 45.87311625282749 47.91892028240817 0.08251856069667524 0.021886203443065605 0.3403890628737854 0.0018790676296164116 0.1878265091768919 0.11711453167848945 0.774784350354679 0.025467730989728814 60.0 0.0
580.0075583597406 0.2121 0.25 0.25 647.6867 2694.337 0.23074199947913104 0.11217580446500433 16.552136598254577 353.946874977925 45.81945646427283 47.88239461366605 0.08667531530200596 0.02311929710967678 0.3467012612080238 0.0016760702943000826 0.1929351755943528 0.1154603843842866 0.7717407023774113 0.01201917155057863 60.0 0.0
590.0075583597406 0.1818 0.25 0.25 639.0208 2568.1739 0.21866135315494534 0.09813410370700525 16.26028204614595 336.75869731438496 44.642093726359064 45.89977702925994 0.08947712870627081 0.024859961834787784 0.3579085148250832 0.002694281312370572 0.195181558539596 0.12109969532911774 0.7807262341583839 0.024315847928498523 60.0 0.0
600.0075583597406 0.197 0.2121 0.2121 631.7945 2583.2994 0.22766346556591105 0.10822710300336442 16.45488855311014 348.12691897425543 45.33953400957222 46.75791852384326 0.0793809161874764 0.02106806812012975 0.33800906247570595 0.001664618292628521 0.17905030226402285 0.11033315137165219 0.7624077386726134 0.02220666292841765 60.0 0.0
610.0075583597406 0.25 0.25 0.25 546.7202 2610.1137 0.2209084693361206 0.10023132250913382 16.286182861121198 338.54048917502763 44.466505851186284 45.89826758236729 0.08249889821880217 0.021071467322966574 0.3299955928752087 0.0020362252878553403 0.2009433846543333 0.12617228849589512 0.8037735386173334 0.016837038555370325 60.0 0.0
620.0075583597406 0.1364 0.1818 0.197 570.4173 2663.2159 0.22065110764195 0.09977535175573822 16.271438232570002 337.8260485054005 44.46355109451713 45.38005250243205 0.060936941046477115 0.015582711683065988 0.30937216223596076 0.0017201100021075433 0.15076911823353498 0.10085942269945011 0.7654432156471775 0.03918533253781946 60.0 0.0
630.0075583597406 0.2045 0.2348 0.25 536.2633 2542.8379 0.21790505618617245 0.09692785925564025 16.243172892760033 335.27464660707636 44.31949410376025 45.44611733823041 0.07890890307150207 0.01988275414004333 0.3254992251699461 0.001166519724750014 0.17934541496781034 0.11331180344802107 0.7397998367422176 0.05083468968792276 60.0 0.0
640.0075583597406 0.1894 0.2273 0.25 529.8216 2590.2231 0.2159656353130851 0.09528737774246723 16.237989004456814 334.16672905129786 44.12526310564803 46.10204141802737 0.08962233447323285 0.024814100796763886 0.35848933789293147 0.0021847100359060462 0.1917144939990363 0.11692767261787565 0.7668579759961452 0.023836375564260857 60.0 0.0
650.0075583597406 0.197 0.197 0.2045 616.6758 2544.7277 0.21532019637809352 0.09513155870700449 16.25127815343633 334.4361649541461 44.423779997671424 46.362897221345285 0.075846828803484 0.021784988145383946 0.35756362150213894 0.0012350556021088865 0.14917364074324888 0.09088112352814323 0.7032471635038876 0.03685960929903764 60.0 0.0
660.0075583597406 0.1212 0.1212 0.1288 615.7201 2560.0145 0.21582708877936413 0.09510745756326378 16.238547655903897 333.99155185209094 44.17136839354534 45.694109842492836 0.05261018505228948 0.014849617699038541 0.3306925917572482 7.072145435788867E-4 0.1187552350971309 0.07913621765403903 0.7464614777533941 0.026355769671321267 60.0 0.0
670.0075583597406 0.1061 0.1061 0.1742 668.7177 2620.9517 0.21972285351334045 0.09980756391900358 16.343772512414116 339.5168567280004 44.74109916712947 47.04722666109835 0.047833709060042806 0.014676897825336103 0.35078053310698054 5.79549597559322E-4 0.10514558368400512 0.07437203591683904 0.7710676136827043 0.029427077344047436 60.0 0.0
680.0075583597406 0.1667 0.1818 0.25 623.5481 2669.3825 0.22377030368781062 0.10363527366407473 16.39837886957794 343.0941554648435 44.911294170258294 47.02430095873447 0.06573965083086289 0.016464416784088675 0.30991549677406793 0.0014062962235389799 0.1575513153481989 0.10317280637647329 0.7427419152129376 0.04983560007000038 60.0 0.0
690.0075583597406 0.1591 0.1818 0.25 552.0561 2602.6334 0.22476962662485206 0.10480196707305182 16.421143237824396 344.3875474383197 45.06728345945752 46.83262907613322 0.08115903057025113 0.020381316257614485 0.32463612228100447 0.0019245089212102933 0.1891680086534771 0.11221941816582366 0.7566720346139084 0.01656461632955688 60.0 0.0
700.0075583597406 0.1591 0.1742 0.25 586.1895 2681.5846 0.22203535282938996 0.10193082714319429 16.3856753293146 341.48655427981555 44.93246870435365 46.03413084032023 0.07965054649604984 0.02047403002084277 0.32855850429620564 0.002100370658666101 0.1876091124425518 0.11713109266211442 0.7738875888255262 0.026623766830667004 60.0 0.0
710.0075583597406 0.1667 0.1894 0.2424 572.3944 2691.3936 0.21622583890629757 0.09604043327274997 16.297515724695 335.6328919056185 44.51272317029297 45.850861243677016 0.0795124502104939 0.019412995939807026 0.31804980084197554 0.0012343591149413325 0.19061285294883282 0.1186770690152984 0.7624514117953313 0.03621016237887273 60.0 0.0
720.0075583597406 0.1667 0.1894 0.197 643.4845 2573.5279 0.22243234032762632 0.10224147558142858 16.402581687156268 341.9221253581005 44.852988517099725 46.3500138678478 0.07194232955714909 0.02055854194373643 0.35171805561272884 0.0013965494799983425 0.15705256670767687 0.10156946478554421 0.7678125483486425 0.024768157027385915 60.0 0.0
730.0075583597406 0.25 0.25 0.25 609.136 2633.9174 0.22263965836250685 0.10224246681088316 16.40384126754557 341.6759228397285 44.78830138086475 46.0434577603758 0.08207491966057867 0.020861375347021385 0.3282996786423147 0.0020396364153995304 0.20858778757957858 0.13459228396439257 0.8343511503183143 0.01256495652835812 60.0 0.0
740.0075583597406 0.2121 0.2424 0.25 566.2892 2601.6181 0.23319873663431667 0.11428964170702227 16.629973425705483 355.69873868927823 45.67119043375052 47.753263530095495 0.07840558418542318 0.018986373871713414 0.3136223367416927 0.001650952098040474 0.19995556561278868 0.12396889668022038 0.7998222624511547 0.01271759656796461 60.0 0.0
750.0075583597406 0.25 0.25 0.25 501.9092 2553.3093 0.214835602808107 0.09388063396212606 16.2725024650049 333.1848309088139 44.209943888322364 45.13410747574422 0.08110279410054329 0.02016139195764356 0.32441117640217315 0.001137116091528664 0.1972974268451892 0.12349746740237791 0.7891897073807567 0.023855108511790856 60.0 0.0
760.0075583597406 0.1818 0.2045 0.2121 441.2257 2623.0591 0.21704298918831952 0.09697303593259457 16.329633962666666 336.6896967399294 44.5346820273979 46.156597063911526 0.07035447465708336 0.018016665353873217 0.3202341605081036 0.0014143867852861331 0.1574673338161973 0.0975540526720553 0.716747864266829 0.041233937641802436 60.0 0.0
770.0075583597406 0.1742 0.25 0.25 680.0528 2689.0217 0.22438592459471307 0.1045492279837054 16.46201229314597 344.7324587391218 45.03816378058613 46.62025843174771 0.07269222359888447 0.018586968834218603 0.3198457838350917 0.0021849031462461243 0.17565178828239603 0.11295027917272123 0.7728678684425425 0.032738379497828214 60.0 0.0
780.0075583597406 0.197 0.2045 0.2273 618.1267 2648.7616 0.21824976260245668 0.09782924406397332 16.350343713915855 337.5863480028856 44.639733658364385 45.95936848854638 0.07892328144716763 0.021853755745940534 0.3472624383675376 0.0023213346368447987 0.1675566690468547 0.10792724192382104 0.7372493438061606 0.053044902513665046 60.0 0.0
790.0075583597406 0.1818 0.197 0.2045 579.7247 2681.2478 0.21437443931036587 0.09415220217051691 16.294619296888676 334.12197260170575 44.32025481880658 46.02612536163761 0.07382194931096431 0.02070097384424956 0.3480177610374032 0.0014787860769028408 0.15797051995570335 0.10354372015146075 0.7447181655054587 0.04923339607423966 60.0 0.0
800.0075583597406 0.1212 0.1212 0.1364 643.2981 2708.9947 0.2193138691140745 0.0996888647217335 16.389958417932384 340.0259464494063 45.12966066637002 46.394349159007724 0.06279133607772701 0.01817443164333359 0.34535234842749857 0.0016893880321574594 0.13905447770173923 0.09572517953666254 0.7647996273595659 0.04584029324235172 60.0 0.0
810.0075583597406 0.0985 0.1288 0.2273 666.9715 2552.0 0.22680769741936235 0.1080471201618043 16.551893889569126 349.73404764185386 45.810997806501774 47.64190610406633 0.07767264020234842 0.02028606409060693 0.3307351131196771 0.0020959460687705006 0.1757548780840647 0.10796048123172482 0.7483756099063401 0.028607532308605244 60.0 0.0
820.0075583597406 0.1818 0.1894 0.2424 646.3956 2701.5649 0.21790128017926022 0.09855669246551337 16.383639306310247 339.1071421998536 44.953934919717426 46.59418375264495 0.08722589867374866 0.024881101189312593 0.3598068320292132 0.0039024783396670874 0.174347260458317 0.10945855457246272 0.7191824493905575 0.05807489248058111 60.0 0.0
830.0075583597406 0.1667 0.1667 0.1742 723.2929 2761.2841 0.2259889649882628 0.10682091417827098 16.539285597471665 348.8069322193601 45.15800014906587 48.063991875328696 0.06551909109386696 0.019197132697103436 0.3459408009756176 0.003732983755600889 0.12788847948228604 0.07793249280903533 0.6752511716664701 0.040373919891105454 60.0 0.0
840.0075583597406 0.1591 0.1591 0.1742 669.1417 2631.1051 0.2230563577896549 0.1033100797851506 16.46436393758794 343.8804039777148 44.98433712627742 46.81540277788535 0.07969226526803533 0.024126956596137273 0.37569210769216654 0.0017369178941329722 0.15648610677132505 0.09755714068655541 0.7377202176362466 0.028663596167486434 60.0 0.0
850.0075583597406 0.0985 0.1515 0.1515 685.2606 2599.7324 0.22804682403050136 0.10928085203084473 16.586725557310597 351.65477579479375 45.56554297895576 47.99363601348209 0.05784375620783635 0.0180133770087817 0.36358932473497113 0.0012635033659547578 0.11580024155349329 0.07635041939930531 0.727887232621958 0.03228842571008736 60.0 0.0
860.0075583597406 0.2045 0.2197 0.2273 660.1596 2687.6405 0.221687342674551 0.10205829337342422 16.443459895421 342.72769387487426 44.84877022286238 47.169000520218546 0.07885027078075779 0.024900769834054017 0.38549021270592704 0.002708463248680167 0.16069059116553022 0.10598303913729228 0.7855984456981475 0.024183033380762213 60.0 0.0
870.0075583597406 0.2121 0.25 0.25 665.4705 2681.0297 0.2263446910060482 0.1072044040902101 16.566264434807582 348.94337100062006 45.25109629783585 47.520274297332975 0.08410466234056273 0.023509851146071535 0.3469317321548212 0.005223641333051237 0.1871239735290594 0.12125252648499707 0.7718863908073701 0.04645922946602216 60.0 0.0
880.0075583597406 0.197 0.2045 0.2121 661.491 2573.9467 0.22650297917399587 0.10750050254864174 16.58187399577785 349.5639345640982 45.39010222008791 47.446802153493664 0.08579428421221105 0.025947019189405528 0.37749485053372867 0.0032964021823365082 0.16947181947724163 0.10604041461761475 0.7456760056998631 0.034532594255405426 60.0 0.0
890.0075583597406 0.1515 0.1591 0.2121 677.6597 2615.4826 0.2242041093659235 0.10514261242829046 16.542171541878485 347.0212427815022 45.529951734570865 47.513469242665636 0.07845849731108363 0.021421037904531034 0.34521738816876796 0.0014986806314810914 0.16876569445460166 0.1055945195713901 0.7425690556002473 0.03621460221610361 60.0 0.0
900.0075583597406 0.1894 0.2045 0.25 667.7175 2606.8362 0.21767858736990808 0.09752514860222634 16.404054354875928 338.401535466678 44.45889019896924 47.028615650041246 0.06751970395957918 0.01829399176184507 0.33009633046905373 0.002164316811663299 0.15671662171718947 0.09903195404752307 0.7661701506173709 0.014064162514174543 60.0 0.0
910.0075583597406 0.25 0.25 0.25 691.0223 2515.3254 0.2249855020581617 0.1054795281377422 16.56565932222461 347.0847309050507 45.13201226493291 47.61165498693754 0.08637007858585834 0.02284222354919596 0.34548031434343335 0.0011954455272951644 0.18819264752207432 0.11147136362469598 0.7527705900882974 0.018057046644174336 60.0 0.0
920.0075583597406 0.2197 0.2197 0.2197 624.2452 2636.613 0.21756247693573874 0.09709816616450066 16.42878160980089 337.92764807499793 44.39019225136163 46.2509620424909 0.08135070055067628 0.02295048588202723 0.3579430824229756 0.001254612354588253 0.1820997729056207 0.11707087683054922 0.8012390007847311 0.015652757794044212 60.0 0.0
930.0075583597406 0.1439 0.1894 0.2197 603.3146 2630.4857 0.21884416686366018 0.09907221910191379 16.47995045059402 340.3428529326174 44.880771027133136 46.129559327357214 0.07891544241957646 0.02155496338248254 0.34722794664613643 9.907657256232726E-4 0.17228653070084998 0.11311585536927023 0.75806073508374 0.051607046011960006 60.0 0.0
940.0075583597406 0.2197 0.25 0.25 668.279 2601.8365 0.2255411883234151 0.10648413712832641 16.630483618964146 348.9951840072264 45.350724887025194 47.29568270008397 0.0878746445702831 0.023618303658759925 0.3514985782811324 0.0011282602684226809 0.1998661363240945 0.12568342131192664 0.799464545296378 0.02017890943782034 60.0 0.0
950.0075583597406 0.1818 0.2273 0.2424 641.0263 2602.0603 0.23103853601103677 0.11202306287599705 16.731694467907168 355.01642334078144 45.71476051501417 48.33068988288514 0.09459766474431307 0.02734995056901072 0.3783906589772523 0.0012234727253043747 0.1894739476796061 0.11502243930638913 0.7578957907184243 0.026605947400515372 60.0 0.0
960.0075583597406 0.2197 0.25 0.25 647.8169 2570.0205 0.22569701648152476 0.10613393874727554 16.64243011891344 348.39743049506444 44.99360448927736 47.20735146218875 0.09790566251622856 0.02938003324433487 0.3916226500649142 0.001653716528818158 0.1995253329783977 0.12606124242938554 0.7981013319135908 0.023410024756058 60.0 0.0
970.0075583597406 0.2121 0.2273 0.25 666.5592 2653.1688 0.22292621600360563 0.10316526595811719 16.599918390402205 345.321461470639 44.867740691103926 46.98093423682188 0.0874819790309235 0.023574934622831976 0.349927916123694 0.001802817504527648 0.19699003651932623 0.12546500928987317 0.7879601460773049 0.03340958499283485 60.0 0.0
980.0075583597406 0.1894 0.197 0.197 666.4223 2711.7678 0.22456008026484842 0.10500144665022909 16.650678627616763 347.6754128031824 44.90409732805404 47.8631199059107 0.07923420330282695 0.023780336115088976 0.373532672713327 0.0013770890057402656 0.155760748099593 0.09813792053398536 0.7343006696123672 0.03559424224263757 60.0 0.0
990.0075583597406 0.1212 0.1288 0.1364 653.3338 2637.0774 0.23952457712188382 0.12200388710677225 17.0107905910353 369.261402745916 46.54143309673381 49.84890671861567 0.061706833026995596 0.018382047390450275 0.35414356345927916 0.0011846697595720738 0.11727788861713204 0.07136487696888642 0.6730730998896272 0.03385047047997311 60.0 0.0
1000.0075583597406 0.1288 0.1364 0.1439 576.8686 2657.0972 0.23155446276952513 0.11221602952212892 16.806192204984924 355.53418731486073 45.547611534452685 47.56347908453999 0.06080007978205064 0.01803608474936092 0.34893958831437766 0.0022832558193455893 0.1241761292155124 0.0802825071261201 0.712663002454245 0.03958970580979741 60.0 0.0
1010.0075583597406 0.2121 0.2197 0.25 556.6359 2699.4383 0.22771217139023095 0.1077811698196868 16.74835923664876 350.68429553474937 44.975263337817495 47.06719383686051 0.07848239818138618 0.019615311730606412 0.32373989249821794 9.295974737101775E-4 0.18806809333787658 0.11798945647498849 0.7757808850187409 0.02795663254448208 60.0 0.0
1020.0075583597406 0.25 0.25 0.25 632.1184 2632.1397 0.23224894599699758 0.11309059625395554 16.879365385018257 357.51887847496556 45.485099876935145 48.28400764878136 0.0803482712489287 0.0207591512500469 0.33143661890183085 0.001819770258739875 0.20378976309821162 0.13312044439971898 0.8406327727801228 0.0099207372457362 60.0 0.0
1030.0075583597406 0.2121 0.2121 0.2424 646.8746 2581.3856 0.2256798225259996 0.10564393431627724 16.76339585308014 349.1757924861105 44.93627509423061 46.86875072346823 0.08096581246329076 0.020855780549156253 0.3339839764110744 9.025436114565731E-4 0.19716351556509445 0.12866212417346493 0.8132995017060147 0.026433528075940644 60.0 0.0
1040.0075583597406 0.197 0.2273 0.2348 607.1265 2640.3717 0.22953655469410753 0.10997863762918877 16.870862408561173 354.4374643172925 45.35821738368618 47.23385175469721 0.07666930155048815 0.01966373329306335 0.3264628324085302 0.0015983883250912172 0.1804198970900506 0.11599580420703362 0.7682395618027961 0.039875812678128154 60.0 0.0
1050.0075583597406 0.25 0.25 0.25 643.619 2575.5728 0.22970433244643088 0.11036836716835852 16.910980605209332 355.6663948532607 45.142946034396665 47.64675985623064 0.08474678082149174 0.022437846834798533 0.338987123285967 0.002977476842332768 0.2093412060583088 0.1343636028279628 0.8373648242332352 0.00773220972187535 60.0 0.0
1060.0075583597406 0.2121 0.2273 0.2348 603.4808 2566.9064 0.22625298184146972 0.1068380035034884 16.849582264240176 351.9195601538996 45.24745842851957 47.432686736625875 0.09234340382429253 0.027161451958232906 0.38091654077520665 0.0013108777971858577 0.17438841781418124 0.10628364326574381 0.7193522234834976 0.04446734378620665 60.0 0.0
1070.0075583597406 0.1742 0.2348 0.2348 658.4904 2578.752 0.229854816432343 0.11055231147121461 16.956132880939293 356.305052969037 45.40951101002147 47.361226288754 0.08004245588360914 0.023361486507463523 0.3643311785047037 0.0020240220493446324 0.16664553482875372 0.10676936023656061 0.7585245033584651 0.03453928114543501 60.0 0.0
1080.0075583597406 0.25 0.25 0.25 582.9647 2527.1416 0.2292355294024436 0.10958463606378462 16.977121043396533 355.50923637926877 45.05949505721555 47.94596177690933 0.08547356211785928 0.022699541121707866 0.3418942484714371 0.002517839930686437 0.20502225272522906 0.13341839338029934 0.8200890109009163 0.026009262008070425 60.0 0.0
1090.0075583597406 0.2348 0.2348 0.25 652.2515 2625.0847 0.22954507030113364 0.11001139682482404 17.021748419599273 356.7144375259491 45.423182271918094 48.477846596775095 0.08577565236317393 0.022922048716331026 0.3431026094526957 0.002788538020670402 0.2016479179732296 0.12686427347447202 0.8065916718929184 0.016159819602257857 60.0 0.0
1100.0075583597406 0.2197 0.2273 0.2273 684.3463 2649.2261 0.22153814012404205 0.10106884967017032 16.863136442122457 346.9432341443207 44.482939466608165 47.183365510763835 0.07880832495123748 0.020600385546808767 0.33557093205043054 9.208805950909158E-4 0.17569278511047495 0.11003839584476383 0.7481112140187965 0.03799392788555458 60.0 0.0
1110.0075583597406 0.1894 0.1894 0.2273 586.1045 2707.2897 0.22518594235687145 0.10519895579575445 16.943998741708917 351.2722719780439 45.08111126282462 46.76965870943252 0.07992098581572799 0.021970228954849676 0.35165233758920306 3.948635056141125E-4 0.16348837236915245 0.10455105968612967 0.7193488384242709 0.05863660004832005 60.0 0.0
1120.0075583597406 0.2121 0.2121 0.2197 610.4245 2674.8989 0.23064740386146 0.11126211168682935 17.10059982152894 358.73487918206274 45.518685702166636 47.572957893328656 0.08235283391359303 0.023394674622487656 0.3623524692198093 7.222620182856053E-4 0.17272621895858398 0.11089352025995922 0.7599953634177695 0.03922056372536574 60.0 0.0
1130.0075583597406 0.25 0.25 0.25 544.8739 2584.6923 0.2358797999349776 0.1174160188926358 17.269159480876063 367.0338281092707 46.043651804791594 48.4137048927614 0.08302970320597597 0.02281505533519053 0.35354583300609116 7.978961635073861E-4 0.18389862542775298 0.11518136262777268 0.783052211498819 0.018151124854197172 60.0 0.0
1140.0075583597406 0.2424 0.25 0.25 618.9719 2617.4478 0.22840908962263895 0.10862266391859678 17.107684573969284 356.37726818503154 45.16486879868106 46.79678600560677 0.09485599668723473 0.027424793767408317 0.37942398674893896 9.242056546603514E-4 0.21160225447104372 0.13821843416426674 0.8464090178841748 0.011734727906766402 60.0 0.0
1150.0075583597406 0.2273 0.2348 0.25 665.3019 2694.7832 0.22359570209292878 0.10346641251317437 17.039935710159533 351.4764131840162 44.95616620006675 46.78475329092987 0.09004575638674342 0.024657650943968754 0.3601830255469737 6.028102915205381E-4 0.1980601890878356 0.1270224550645209 0.7922407563513425 0.03455367396420681 60.0 0.0
1160.0075583597406 0.1742 0.1742 0.2121 637.6353 2700.255 0.22395289692355125 0.10396434904957688 17.078167767740005 352.6039345653376 44.89494451507126 46.928153390346885 0.07770409690373818 0.02172898047540878 0.3536876134928772 5.624947589569371E-4 0.1584685377603471 0.09446432732956236 0.7213050684264075 0.021482087660311365 60.0 0.0
1170.0075583597406 0.1742 0.1818 0.2424 634.0471 2712.7082 0.2285746417739543 0.10890294356134067 17.22118027136971 358.61484050223663 45.43075752839514 47.11539241347082 0.06982147047976861 0.0200944554676088 0.35447823474344065 3.5413425414542425E-4 0.1473291255185479 0.09385374402010786 0.7479786372480124 0.024549695288393986 60.0 0.0
1180.0075583597406 0.1667 0.2045 0.2045 647.5522 2659.0658 0.22521461163759016 0.1049417276005577 17.189779978567547 354.7294327354733 44.94651069532172 46.555693308765946 0.07704405061555022 0.0223773042549172 0.3632076671875939 7.850336422010872E-4 0.15635019583880144 0.09766856334632981 0.7370794946686353 0.029976272999548127 60.0 0.0
1190.0075583597406 0.25 0.25 0.25 621.1059 2675.9961 0.22645308356886992 0.1066340951458043 17.234534967841594 357.0991419076823 45.37723652803517 47.103013039152174 0.09246681271211142 0.026163862079330965 0.3698672508484457 0.0013006811546946823 0.2045628863459241 0.128856694358593 0.8182515453836964 0.009663158462068468 60.0 0.0
1200.0075583597406 0.1136 0.1212 0.2273 602.6936 2634.918 0.22925366052123267 0.10940705142897705 17.347630008982616 361.0744891852856 45.067605059946096 47.771432651792836 0.06630347853333331 0.020053999953165536 0.36466913193333317 6.852235689692156E-4 0.13009595032949955 0.08524968394998005 0.7155277268122475 0.048447154779080494 60.0 0.0
1210.0075583597406 0.25 0.25 0.25 637.5721 2620.7957 0.22789483703736663 0.10781540744759545 17.34192527989572 359.6671138212577 45.293675727549456 46.97140267141577 0.09074454049999955 0.025078703862261353 0.3629781619999983 7.631200080010965E-4 0.21586248481804554 0.14216392737994765 0.8634499392721822 0.005350499857875932 60.0 0.0
1220.0075583597406 0.2121 0.25 0.25 646.905 2588.1323 0.22797276165451394 0.10765078111061531 17.370166792763264 359.79774273773853 45.15816061928793 46.906338722328094 0.09231918155530607 0.02619242032043684 0.36927672622122426 0.0017551835591487319 0.2001693923991384 0.12654890428181914 0.8006775695965536 0.022220729442374507 60.0 0.0
1230.0075583597406 0.2045 0.2197 0.2273 616.539 2652.5441 0.22580062676399343 0.10493332217910875 17.35090542830186 357.2072517387094 44.860180390393545 46.2633723630489 0.07996493393387308 0.02211312619763784 0.3518457093090415 9.316208313621136E-4 0.18513469236215768 0.12149868658495917 0.8145926463934939 0.01840597674465554 60.0 0.0
1240.0075583597406 0.1818 0.197 0.2045 608.0795 2588.7698 0.2229907467458962 0.10189244912495336 17.292063498830363 354.0423290976048 44.59382747715101 46.26974933783064 0.07802790601923906 0.02201891072331379 0.35516150325998475 0.0010746049913522566 0.18037782016396664 0.11999511897558868 0.8210300779877103 0.016625434388757094 60.0 0.0
1250.0075583597406 0.1591 0.1591 0.1667 567.527 2590.9612 0.22080362729545724 0.09957792398631805 17.275862961553592 352.2367116045656 44.5571645842566 46.17334304720036 0.06994340414358528 0.020277579890373477 0.35509728257512524 9.468565848877858E-4 0.15027218757891447 0.09843000157331398 0.7629203369391042 0.029675406407770968 60.0 0.0
1260.0075583597406 0.1515 0.1515 0.1515 566.7099 2613.5283 0.22285284810124387 0.10154575584574017 17.32900720106529 354.4216563374793 44.56041645382426 45.88701028191882 0.0692204158619431 0.01893933549533547 0.33841092199172174 8.243750337473588E-4 0.15014618196089524 0.09840385879676489 0.7340480006977099 0.0507070196497424 60.0 0.0
1270.0075583597406 0.1591 0.1667 0.25 651.5304 2645.724 0.2293788782164343 0.10945969929094329 17.452475215076817 363.0242891699338 45.47984206650763 47.48406092456112 0.06868862471915023 0.01791649335677199 0.32381780224742257 0.0012529734132590564 0.15506324983796402 0.09612833575082369 0.7310124635218305 0.029780832730362614 60.0 0.0
1280.0075583597406 0.1667 0.1742 0.25 563.487 2648.6257 0.22281288086228526 0.10179477726772114 17.31297182109534 354.45252530687816 44.881472808162876 45.992323212634226 0.06950841304741105 0.019112405433063206 0.3398189082317874 9.075555033948435E-4 0.15294750729191417 0.09743507389369523 0.7477433689826916 0.029062262314546783 60.0 0.0
1290.0075583597406 0.1742 0.1818 0.25 542.3975 2791.8847 0.21989898346539724 0.09927693290077591 17.232412564564058 351.65994845494544 44.96066952085291 46.51099549337302 0.07016910849595592 0.01855662033612504 0.3307972257666494 6.257642901603002E-4 0.15536990406618142 0.09473187747539674 0.7324581191691409 0.021276792135749307 60.0 0.0
1300.0075583597406 0.1591 0.2424 0.25 545.821 2703.0594 0.22573957884008305 0.1053295484484308 17.35967712768851 358.13779957126525 45.1033264500514 47.268177176872285 0.07561475147340996 0.018949064444861444 0.3219724901448424 7.79819669851832E-4 0.1770301629622457 0.1094148224763822 0.7538058551940785 0.028508601077630265 60.0 0.0
1310.0075583597406 0.1515 0.2348 0.2348 553.0072 2682.2154 0.22707983411108884 0.10657605891633075 17.382220370699493 359.20226699175265 45.049426460143266 46.7083230931236 0.07940859475628428 0.0208444089423531 0.33812691960740404 6.249678127818844E-4 0.17722810767615874 0.1105203339643851 0.754648716556547 0.032330746192766865 60.0 0.0
1320.0075583597406 0.25 0.25 0.25 567.7337 2720.161 0.22705597922039597 0.10688517688566526 17.372355091734885 359.5515920739686 45.17610130081531 47.131143802343516 0.08901843063832356 0.024206593496342292 0.3560737225532942 0.0010327648334398029 0.20574255977291353 0.13118792874145635 0.8229702390916542 0.013216822124189311 60.0 0.0
1330.0075583597406 0.2121 0.2121 0.25 643.6407 2780.8826 0.2258866679783192 0.10524780554504314 17.351334176399785 357.6778493603016 44.90520686223638 46.52763832431308 0.08809106955257942 0.023928881136183782 0.35236427821031774 0.001928405031649626 0.19945075704601206 0.12657017321125671 0.7978030281840481 0.025861666066519566 60.0 0.0
1340.0075583597406 0.1439 0.1439 0.1667 620.979 2744.905 0.22451748368997723 0.10415469477888452 17.307414962525517 356.3744404390382 44.97999180667371 46.59534685703569 0.0727833911712398 0.020934038834359403 0.3558299123927279 8.852222449904545E-4 0.14929594103372978 0.09581251337321411 0.7298912672760123 0.0426773028408572 60.0 0.0
1350.0075583597406 0.1439 0.1439 0.1439 623.6393 2693.9378 0.22098208637323577 0.09996111802252307 17.237267558616182 351.920537802604 44.664927041186445 45.964361632148034 0.06885993792018628 0.020934445846460075 0.3635804722185835 0.0026477762528400693 0.13911394662717302 0.09605350859058984 0.7345216381914738 0.06872974168237107 60.0 0.0
1360.0075583597406 0.1591 0.1591 0.2197 650.4954 2654.7671 0.21724564759871193 0.09601584605304007 17.17803684139569 348.2032373960391 44.36854071630987 45.68972048794663 0.06467526561093516 0.019204393962347157 0.3557139608601434 0.0013538678196323476 0.13679013585717453 0.0923687671162515 0.7523457472144598 0.04285447735397061 60.0 0.0
1370.0075583597406 0.2273 0.2273 0.2348 623.778 2648.7146 0.22394449908563518 0.10326794620620272 17.319217226317836 355.80079472320614 44.89393602814031 46.493296145689165 0.07795524857040463 0.020130825658815486 0.3319384777836584 7.875720062813746E-4 0.16319932544957963 0.09896094607940158 0.6949132567530487 0.05031790289489157 60.0 0.0
1380.0075583597406 0.1894 0.1894 0.2121 617.273 2701.2584 0.21852381984788125 0.09841605669645845 17.1741809057511 350.3888834899829 44.89904676997572 46.99064505302567 0.08149419893891267 0.022151681844942834 0.3470075567721443 0.0015226977444368392 0.16270830990706567 0.09721215588479232 0.6928224808946022 0.044975565092589535 60.0 0.0
1390.0075583597406 0.1515 0.1591 0.1818 582.0415 2693.1807 0.21858443713918574 0.09796935267462156 17.176670902297147 349.80448874278915 44.575506729604065 46.548993249515334 0.07053095374812698 0.018051092767080175 0.32103744464664696 0.0011591501796135767 0.1596335433751701 0.10041868166444326 0.7266078526042226 0.04313484728686578 60.0 0.0
1400.0075583597406 0.1818 0.2121 0.25 518.2545 2584.0304 0.22237338786465174 0.1018475371269626 17.270885900518003 354.27716890438035 44.70864797604897 46.950710133152775 0.08141215306313332 0.021141838267354524 0.33582513138542497 0.0011469713917333089 0.19471848593634902 0.12657186529082276 0.8032137544874398 0.030350249593333344 60.0 0.0
1410.0075583597406 0.197 0.25 0.25 627.7398 2573.179 0.22836592326139754 0.10835238987996693 17.386209549675964 361.08539956319186 45.35218947698107 47.44412085463267 0.08617936091338349 0.022893169900380858 0.34471744365353396 0.0018112464676238074 0.18802210274618267 0.11252278975602649 0.7520884109847306 0.023155320440168752 60.0 0.0
1420.0075583597406 0.197 0.2197 0.25 610.5801 2635.9099 0.21553407470976038 0.09438352289764487 17.080029525064923 345.4634993778617 44.264473842192174 45.55249542297734 0.0871836183901353 0.023454832045759134 0.34873447356054116 0.001956050156816987 0.18421202271133566 0.11403079173677012 0.7368480908453426 0.046879445943807704 60.0 0.0
1430.0075583597406 0.197 0.197 0.2348 612.3026 2648.4853 0.21765977475734113 0.09687989288507678 17.098871055238224 347.5549781739513 44.607919922408925 45.700267238003185 0.08196567469014321 0.02136033767276509 0.33810840809684073 8.66963107272306E-4 0.16300206795007233 0.09320587165545091 0.6723835302940484 0.04032189024238868 60.0 0.0
1440.0075583597406 0.2121 0.2273 0.2348 577.6537 2694.8735 0.22450479605714077 0.1034261101883999 17.273690346716396 354.70294703946865 44.71871230079587 45.99989226505896 0.07166551765162292 0.018003291193920176 0.3153282776671409 0.0018420135511753209 0.1619517583324651 0.10116746258104581 0.7125877366628465 0.051091180427917694 60.0 0.0
1450.0075583597406 0.1742 0.1894 0.2121 518.5574 2636.4754 0.218737752844628 0.09717365962700143 17.13372051189802 347.9273408219395 44.19367992794011 45.634123735373706 0.07331479294586506 0.017939321034466254 0.31217911835013507 0.0012809655234977122 0.16833642106881253 0.10092795504668171 0.7167873413252662 0.03449197082655802 60.0 0.0
1460.0075583597406 0.2197 0.2273 0.25 450.1442 2656.3673 0.22835615567938014 0.10792226601719206 17.31064025436774 358.74856395417714 45.26134973616762 46.1843807394331 0.0841240687758895 0.021641278160945958 0.336496275103558 0.0010178529971664213 0.19767812278013028 0.12303078557832998 0.7907124911205211 0.020083855666070412 60.0 0.0
1470.0075583597406 0.1742 0.2424 0.25 540.3795 2767.3616 0.22218468356272345 0.10118089040188584 17.153586777127934 351.16608689530176 44.57568858751144 45.81866850962291 0.08117241639145024 0.02031969034495326 0.324689665565801 0.0016453377121686478 0.19910779416486357 0.12691895272233886 0.7964311766594543 0.028981030704253105 60.0 0.0
1480.0075583597406 0.1742 0.1742 0.1742 609.4505 2570.2813 0.2206911328226898 0.09964604498982857 17.119019218968933 349.5748002626911 44.55864590069322 45.94761447007773 0.06160854031847318 0.016677025291493668 0.3252930928815384 0.0016800509157319362 0.1385823296837302 0.08955502493364514 0.7317147007300955 0.036734015915393374 60.0 0.0
1490.0075583597406 0.2273 0.2273 0.25 637.5931 2508.3365 0.22070696673029894 0.09957455410705215 17.07986093942339 348.77163469478796 44.543394485892 45.73046874395655 0.0833123330018236 0.0214395676728916 0.3332493320072944 0.0018740378870916326 0.19861560939571132 0.12497220032985924 0.7944624375828453 0.023433961441943738 60.0 0.0
1500.0075583597406 0.1667 0.197 0.25 551.8994 2567.1012 0.2213064804621516 0.10034683397002346 17.058658689560957 349.0076923410112 44.52958298209523 45.485200447424816 0.07716892964323772 0.021457646079582067 0.3512516797554269 6.808168474051561E-4 0.17542085213191375 0.1161393266209685 0.7984673269452626 0.02811665862311603 60.0 0.0
1510.0075583597406 0.197 0.197 0.197 508.9729 2697.5073 0.21829116620091787 0.09701912118879795 16.975558169731226 345.2252830061758 44.330033277316375 45.39767166495591 0.07650444946390786 0.022056572558004365 0.3606638331869942 7.33431598116386E-4 0.16866921831018733 0.11000264109786227 0.7951548863194546 0.01711326149159183 60.0 0.0
1520.0075583597406 0.1364 0.25 0.25 572.5681 2733.6137 0.22602558000062786 0.10568290622352398 17.14066690331441 354.5179627267568 44.98030137241301 46.485219955250145 0.08556652704143784 0.022446539841396464 0.34226610816575137 0.0012853444202943851 0.205740039285777 0.13109662775212455 0.822960157143108 0.012855893264511272 60.0 0.0
1530.0075583597406 0.1894 0.1894 0.197 562.5885 2668.1765 0.2195691336312918 0.09991796243106033 16.979230931022347 348.2176667784892 44.916265737352155 46.62130420876124 0.06922759415699992 0.01828967155798346 0.3263586581687139 0.0017137926449574705 0.16199676544438826 0.10333582938917311 0.7636990370949733 0.024831450985711583 60.0 0.0
1540.0075583597406 0.1288 0.1288 0.1364 624.5934 2677.1166 0.2269626198720791 0.10739210998720214 17.152083918062647 356.70355776182737 45.234987806045666 47.51051855763428 0.06014437704821376 0.017535559647759602 0.3451764247984442 0.00155783728919148 0.12673752078981285 0.08180715712278118 0.7273631627937084 0.03039360685256173 60.0 0.0
1550.0075583597406 0.1667 0.1667 0.1667 620.2704 2709.1607 0.21552912759117582 0.09850835550242605 17.669877028459375 334.27095858280023 44.51059007182046 46.56200767101244 0.06402003376091771 0.017061830471843873 0.32502478678619756 0.0011776569021473382 0.14336590929301987 0.0926598800374793 0.7278576933337931 0.04309385602374098 60.0 0.0
1560.0075583597406 0.1742 0.1894 0.25 588.6182 2662.6698 0.21177907916373076 0.10178882395864647 19.35985802585851 307.1224176510907 44.57194153241048 46.69390154875673 0.0738996906038289 0.020067953197413776 0.33637100550708326 0.002448478773169883 0.15767052181170466 0.09705872995675127 0.7176727199705176 0.03784438938619233 60.0 0.0
1570.0075583597406 0.1439 0.1439 0.1591 620.1642 2647.3134 0.20913478294110585 0.10912267292697045 21.915431616814264 259.5584682861039 45.32950405885898 47.14097023509426 0.06418558400901694 0.01895463375897556 0.35302071204959323 0.0015609669933097372 0.13545604208544043 0.08878638969878021 0.7450082314699222 0.03183058626492938 60.0 0.0
1580.0075583597406 0.1742 0.1818 0.1818 655.3087 2627.6725 0.20060628935444022 0.10884351378778305 23.844610610118483 206.63037269698995 45.12825431029131 47.47849676718536 0.05696705589620267 0.015702176310040155 0.3269413642738588 0.0012214734780891417 0.13327451120083028 0.09003099965184784 0.7648798034134607 0.031032360196117926 60.0 0.0
1590.0075583597406 0.1742 0.2045 0.25 740.441 2667.8476 0.20542725604189485 0.11949918520374468 25.278864337916932 178.1721680157535 46.115246197399884 47.778048050533044 0.08313859240794445 0.023389037839292096 0.3540094902531828 0.0030449011452732245 0.17017814904147768 0.10721632350672376 0.7246295378540341 0.05301369722033066 60.0 0.0
1600.0075583597406 0.1288 0.1288 0.1894 703.0124 2795.7892 0.20160398675884372 0.12014006813695705 26.55549432466954 138.12379407356275 46.02493434654625 48.08559757330316 0.07774661317947593 0.023112708641864734 0.36651974784610086 0.0023783425928731697 0.17105486339694412 0.11375785176816741 0.8064014988713081 0.020616043164723954 60.0 0.0
1610.0075583597406 0.2045 0.25 0.25 691.5998 2775.3247 0.1966743199419254 0.11738390435590472 27.26608380070068 108.49305460222233 45.40309393222255 47.290679815349094 0.07545021964155427 0.019622029589406047 0.321271902989844 0.004074742534751834 0.18290025583636382 0.11612203360255968 0.7788010893677428 0.027508387811481204 60.0 0.0
1620.0075583597406 0.25 0.25 0.25 621.4829 2668.1117 0.19241414543013594 0.11297240884591957 27.353830860031586 99.22888433312609 44.83665052042479 46.72521459663484 0.07862513260568248 0.01997369159608796 0.32432867199844023 0.002145648861848358 0.19548317158517606 0.12584750972730735 0.8063680827888513 0.023318862755323834 60.0 0.0
1630.0075583597406 0.1515 0.25 0.25 679.5873 2688.3242 0.1994953084470899 0.12128422112798892 27.551967512962946 104.2617618912932 45.65951001007077 47.2506517212923 0.07647489762808805 0.018075358714555227 0.30589959051235227 0.001621926393281948 0.19280807173422168 0.1187639427320892 0.7712322869368868 0.026149853051864718 60.0 0.0
1640.0075583597406 0.2348 0.25 0.25 650.9567 2710.0948 0.1926481083270195 0.11311013724776242 27.430410224740225 97.9053254346299 44.91905812960909 46.298961444597964 0.0769181115473942 0.019296558463519024 0.31728721013300104 0.0028172856956073682 0.18621213610068377 0.1156750306846551 0.7681250614153206 0.02741961844607343 60.0 0.0
1650.0075583597406 0.1818 0.1818 0.25 595.3962 2713.0643 0.19680546886960684 0.11779672768926233 27.564129177910353 100.11812519697989 45.19808195864818 46.466907912100524 0.07365329801976388 0.01905802204488097 0.3240745112869611 0.0021361006453712627 0.16395068640468363 0.10406335259951162 0.7213830201806078 0.054090778481655714 60.0 0.0
1660.0075583597406 0.25 0.25 0.25 577.6861 2688.3741 0.19354643294515234 0.11404781267237658 27.516766351519795 97.25056695126784 44.86815220002613 46.47502728351614 0.07532947587247982 0.018472474083342825 0.3107340879739793 0.002553242149632974 0.1846861308198271 0.11436980980541646 0.7618302896317867 0.029435362295653175 60.0 0.0
1670.0075583597406 0.2121 0.2197 0.25 648.2995 2671.354 0.191479576641364 0.11219434704614153 27.495081975791688 96.06107870304504 44.804944585424565 46.24803671779358 0.07601252449019684 0.01803521372545776 0.3040500979607874 0.0023300956813544762 0.1947458657747413 0.1216376564921079 0.7789834630989652 0.028620497339692092 60.0 0.0
1680.0075583597406 0.1439 0.197 0.2197 574.1698 2708.4738 0.1940754874720457 0.11489358019686455 27.59963785952689 97.10419144062683 44.96446170117918 46.86996129228988 0.07118235907573571 0.017811084892698177 0.3132023799332371 0.0020418870766078143 0.16781969462560625 0.10258189465220727 0.7384066563526677 0.02753351318689389 60.0 0.0
1690.0075583597406 0.1288 0.1742 0.1894 581.1902 2584.2805 0.1955099548028567 0.11665315867265047 27.677700957068037 97.78864413949613 45.301455991165106 47.14118253310452 0.058555855873224344 0.0159074396128654 0.3220572073027338 0.002051059330441222 0.1332543814698082 0.08633233430259137 0.7328990980839452 0.03313208983409548 60.0 0.0
1700.0075583597406 0.1818 0.2348 0.25 591.6862 2668.8135 0.18720181181683063 0.10718865466740239 27.53819096636087 91.34456373533824 44.298453950161345 46.31884308170374 0.08189895920786475 0.02081487200968591 0.327595836831459 0.0022063182379244576 0.18182449751648844 0.10495025240797534 0.7272979900659537 0.020520765568246356 60.0 0.0
1710.0075583597406 0.1894 0.2197 0.2197 681.031 2719.0838 0.19053986247430982 0.11083395367470507 27.652494262027755 92.8554840773153 44.80154263169662 46.488039391753546 0.07722678111314513 0.02091385493802651 0.3397978368978386 0.0021752652845812323 0.16678225305360977 0.10565919838737424 0.7338419134358831 0.04680657250100498 60.0 0.0
1720.0075583597406 0.1591 0.1667 0.2197 633.4466 2659.9947 0.1841827197585958 0.10356774165642235 27.5451085228659 88.08225900658937 44.22222496594571 45.61111114182115 0.0783489368209968 0.02078354540761505 0.3336148277539219 0.0027556458370453594 0.1660281798953528 0.100203620184501 0.7069587014898893 0.042393084358174245 60.0 0.0
1730.0075583597406 0.1667 0.2045 0.2121 680.079 2652.1456 0.18534001439742565 0.10500462816805517 27.605091771168468 88.53183777610147 44.372150281914486 45.89574232130046 0.06838773117513025 0.017903230207100305 0.3223993041113284 0.0019375864928230543 0.13816784788084108 0.0846784539380452 0.6513627114382508 0.06419072321635831 60.0 0.0
1740.0075583597406 0.1667 0.25 0.25 655.2804 2648.0969 0.19996591771065178 0.12217966887889715 27.92639096044698 99.83999024493511 45.93255073507803 47.50690241762144 0.07418542085580852 0.019056951319252446 0.31588630816021696 0.004320353092109406 0.1804555305721767 0.11181078116808892 0.7683912914686233 0.02141686853098619 60.0 0.0
1750.0075583597406 0.1818 0.25 0.25 648.8842 2654.763 0.19396870108812492 0.11512135566345849 27.81337713288061 94.47930371266601 45.17350105805581 46.93408699945809 0.07727037020644746 0.018743734034888944 0.3090814808257898 0.002844623571288852 0.20422869614013447 0.12826063605307103 0.816914784560538 0.008913644794404988 60.0 0.0
1760.0075583597406 0.1818 0.2424 0.25 538.2485 2741.1795 0.1912330824956934 0.11219138508630724 27.773739785291387 92.41274557627334 45.05601610081165 46.35687813311823 0.06918619837662485 0.017208160082213073 0.30441927285714937 0.0036546388348455538 0.1759133434467029 0.11286984485206358 0.7740187111654927 0.030951975852914915 60.0 0.0
1770.0075583597406 0.2424 0.25 0.25 570.7238 2707.577 0.19133610372507406 0.1121151702815667 27.80663499082782 91.94360008485995 44.8743258684489 46.18427108841466 0.07084351075833605 0.017169192492176005 0.30165623935807606 0.0030251708536155795 0.19385092553568753 0.12583384245255816 0.8254297474422824 0.010773033004707906 60.0 0.0
1780.0075583597406 0.25 0.25 0.25 605.6609 2685.6868 0.19249108258444605 0.11332073244084334 27.85219726421448 92.52814559224593 44.89445552220572 46.95157612060298 0.08223794988618055 0.022037872692319903 0.33923154328049476 0.0031351824865357846 0.18026024999629034 0.11239001608597572 0.7435735312346977 0.042561840134314285 60.0 0.0
1790.0075583597406 0.2273 0.2348 0.25 656.0655 2711.8286 0.1931762996213422 0.11437948137885326 27.890498212303534 93.23997661772333 45.05261943229016 47.37119112068796 0.08045303062615194 0.021339469794050228 0.3318687513328768 0.004047931017287354 0.18781477788452366 0.11625530391637895 0.7747359587736601 0.021895439078155117 60.0 0.0
1800.0075583597406 0.1212 0.1212 0.1212 667.3955 2592.9598 0.18732198906137618 0.10751477028642561 27.795416071671323 88.67724897446517 44.64034306957375 46.41338310162449 0.05502212157249072 0.017237938238561228 0.3631460023784388 0.0010679367479635893 0.11551684424115212 0.0805190674666458 0.762411171991604 0.036000451927985865 60.0 0.0
#####################################################################
# End of data export. Simulation finished at: 2024-12-17T18:11+0000 #
#####################################################################
