#####################################################################
# Alchemist log file - simulation started at: 2024-12-18T07:11+0000 #
#####################################################################
#
# Algorithm = ff_linpro_c, CamHerdRatio = 3.0, NumberOfHerds = 4.0, Seed = 66.0
#
# The columns have the following meaning: 
# time 3-coverage 2-coverage 1-coverage CamDist ObjDist NoisePerceivedNormalized[mean] NoisePerceivedNormalized[variance] NoisePerceived[mean] NoisePerceived[variance] NoisePerceived[percentile90] NoisePerceived[max] BodyCoverage[mean] BodyCoverage[variance] BodyCoverageOnlyCovered[mean] BodyCoverageOnlyCovered[variance] FovDistance[mean] FovDistance[variance] FovDistanceOnlyCovered[mean] FovDistanceOnlyCovered[variance] ClusteringDistance[mean] ClusteringDistance[variance] 
0.0 0.0 0.0 0.0 0.0 0.0 NaN NaN NaN NaN NaN NaN NaN NaN NaN NaN NaN NaN NaN NaN 60.0 0.0
0.0019574411019831484 0.0 0.0 0.0 0.0 2.2361 2.434808690179249E-4 0.0 23.52736733073381 0.0 23.52736733073381 23.52736733073381 0.0 0.0 NaN NaN 0.0 0.0 NaN NaN 60.0 0.0
10.001957441101982 0.0 0.0 0.0 1155.0 2594.5659 5.991326179897689E-4 8.750504695912394E-8 24.248344219660076 0.2813329319356376 24.9759793036888 25.149581726165827 0.0 0.0 NaN NaN 0.0 0.0 NaN NaN 60.0 0.0
20.001957441101982 0.0 0.0 0.0 1200.0 2466.2561 7.99639782782271E-4 2.2229629239268444E-7 24.495280799775696 0.44853972759346694 25.432719064841095 25.622908064067005 0.0 0.0 NaN NaN 0.0 0.0 NaN NaN 60.0 0.0
30.001957441101982 0.0 0.0 0.0 1200.0 2454.2092 0.0013149148271762977 9.1554060736762E-7 24.945823238176725 0.8409617795957727 26.221756650103547 26.442439575883935 0.0 0.0 NaN NaN 0.0 0.0 NaN NaN 60.0 0.0
40.00195744110198 0.0 0.0 0.0 1200.0 2542.7953 0.002767635903309143 6.8245591747069364E-6 25.66726301238549 1.7706353495381684 27.611981061561888 28.161552353865318 0.0 0.0 NaN NaN 0.0 0.0 NaN NaN 60.0 0.0
50.00195744110198 0.0 0.0 0.0 1200.0 2589.0193 0.00996373966615956 1.8058729637256683E-4 26.97758952667163 5.09985698673514 30.59761996356931 32.025880326880895 0.0 0.0 NaN NaN 0.0 0.0 NaN NaN 60.0 0.0
60.00195744110198 0.0 0.0 0.2385 1182.4452 2657.1061 0.0660217817962611 0.013654612960937677 29.005531141297954 20.074654007187252 37.136575142711514 39.0522286678612 0.05922321833990068 0.011841405171806802 0.2483554317479706 0.0023802959697451003 0.16544440237179586 0.09364293764083773 0.6937991067204341 0.023873542550022806 60.0 0.0
70.00195744110198 0.0 0.0 0.2538 1162.3256 2624.3684 0.05691168579049098 0.008227093669915257 29.18649957569866 15.81305210084799 35.97789804207687 37.21903987477783 0.07952277590423228 0.018835994980356596 0.313271541440915 4.1743004717535097E-4 0.16301934828915512 0.08780741842750993 0.6421974326542476 0.03663025323609893 60.0 0.0
80.00195744110198 0.0 0.0 0.2154 1145.4164 2646.4777 0.05642768955028961 0.007973050555720904 29.733006996487394 12.524081714248084 35.94391826625973 37.9089721050007 0.058761601989511 0.0130504394488844 0.27282172352272965 0.001788876024781798 0.14668277725547835 0.08376562260567462 0.681027180114721 0.022832577156712726 60.0 0.0
90.00195744110198 0.0 0.1 0.2385 1135.1453 2609.0841 0.10628679740008629 0.023607947578843116 31.383786093077955 17.112704261093068 38.12614716177891 40.20438652947098 0.07170215023804584 0.017128745808320057 0.30068643648212773 0.002506055633268611 0.17827126321695055 0.10607654773393656 0.7475891683291475 0.016326059418284418 60.0 0.0
100.00195744110198 0.1308 0.2231 0.4538 1028.3488 2689.4381 0.1950469956601975 0.04900541210214532 33.91844581094126 20.726837040599428 40.76122097453921 43.02013169143954 0.14212695366562592 0.02942022255735725 0.31316108434798934 0.010949929555582997 0.328615224450333 0.14511509094895436 0.7240674437041236 0.03148510620318001 60.0 0.0
110.00195744110198 0.1923 0.2308 0.5385 957.3978 2644.3922 0.23974776849464327 0.060299884909070574 34.92553475621942 22.215547598800033 41.622385117771515 43.147430980132015 0.18429242723607384 0.0415120778798477 0.34225736486699426 0.022761327766010093 0.3489981190264838 0.12276212869595082 0.6481393639063271 0.032816658979099175 60.0 0.0
120.00195744110198 0.2 0.2385 0.5846 1017.2493 2617.6016 0.2831863753169682 0.05489659781076687 36.05640003271647 18.021598938258187 41.41543660227186 43.08874075284563 0.23426234143650657 0.063473385280259 0.40071189982560335 0.041586592997921536 0.3836405508049991 0.1270369618106171 0.6562272579559195 0.037239695893528095 60.0 0.0
130.00195744110198 0.1692 0.5 0.6231 993.9675 2593.7634 0.34944120641302495 0.05818105953572187 37.23850281398426 18.432435108985814 42.10736803158734 45.457925232769895 0.294424190455265 0.0687825457770946 0.49070698409210833 0.017664883961790955 0.40182817415282884 0.1359827346164398 0.6697136235880481 0.0460787406726544 60.0 0.0
140.00195744110198 0.2 0.4923 0.6077 894.1729 2610.4452 0.3731866370180417 0.06558224729175616 37.66365260674506 20.03113888180164 43.18668526249997 46.32157677505341 0.2783059220697332 0.06828092139540214 0.4698671411566924 0.024705237336882874 0.3984613212150024 0.1353342718238404 0.6727269059474066 0.04277857265735734 60.0 0.0
150.00195744110198 0.1846 0.5231 0.5462 916.7404 2736.6943 0.35367062897313867 0.061191164060054655 37.531877979030384 17.082613314988706 43.574581943221624 45.35768937168683 0.25971759754720086 0.06939618452111969 0.4689345511268904 0.026595149461161722 0.36706932733754133 0.13091695230583975 0.6627640632483385 0.03912712721703732 60.0 0.0
160.00195744110198 0.1769 0.4308 0.5615 852.8695 2692.7695 0.3781661538259426 0.060860069216867395 38.11231309427745 16.127047363810686 43.181602910238595 47.418999543187006 0.2254174569091491 0.06133626504549737 0.40142834792040255 0.038257050328611514 0.35169696859420485 0.12304071650652104 0.626309670099269 0.046066573943856666 60.0 0.0
170.00195744110198 0.1769 0.2615 0.8154 922.771 2634.8328 0.5163568721981009 0.04328293068564481 40.46624867898284 11.171045207314767 45.7215649508669 48.168594717669755 0.26812648152551344 0.047513992904569806 0.3288343641350637 0.038221373897565386 0.5312970553206673 0.08926872457977127 0.65159072822346 0.03054426501414785 60.0 0.0
180.00195744110198 0.2385 0.4077 0.7692 983.9928 2670.4342 0.5510907215430125 0.03159185056142745 40.871083061974154 7.4073125217881675 44.901340988796264 47.434323642537606 0.29376064287708215 0.06407239925706963 0.38574629872748156 0.04849500002460348 0.5158037806748949 0.10929175467250943 0.6773180958357204 0.033350776343414115 60.0 0.0
190.00195744110198 0.1923 0.3615 0.7769 882.999 2585.6586 0.4942855559831437 0.030055778032742963 39.918858351916576 6.505672118935061 42.80698789688944 44.810207594571864 0.26177513651889434 0.05141158612717037 0.34374512876218444 0.03921013104196714 0.516920248770903 0.11063961488039033 0.678784165052701 0.03464606792128365 60.0 0.0
200.00195744110198 0.1769 0.3846 0.7923 887.2677 2589.8057 0.47375782940476335 0.03798686677764417 39.75240052944495 9.512328286340722 44.04897931894307 47.9341503612822 0.2863802122105383 0.04759236478635893 0.3545659770225712 0.034624019845012344 0.5350045822183217 0.09662774951723253 0.6623866256036364 0.03466810279106802 60.0 0.0
210.00195744110198 0.1692 0.3615 0.8308 800.8641 2630.6485 0.4405791524296079 0.027856437706381614 39.214072629067054 6.083554760017254 42.3780380132694 46.280156396887435 0.31639073651068084 0.04059446409704864 0.3808407013554492 0.02416642550118866 0.5493955272201285 0.09370799058004195 0.6613094309131176 0.0382736544754953 60.0 0.0
220.00195744110198 0.1538 0.3462 0.8462 764.9817 2632.3132 0.42497255591214844 0.021504239273344942 38.98318763754069 4.263478870074232 41.74137141504917 44.174217276243766 0.32997651623636964 0.036978231411973504 0.386458982979532 0.021338786032542606 0.5462547198161344 0.0893547056785174 0.6397577799648421 0.04442557820432628 60.0 0.0
230.00195744110198 0.1385 0.3923 0.8231 794.9731 2705.3468 0.4260387009241786 0.020494929466408622 38.99426525027756 4.039261459988207 41.77602597461213 43.48990324926174 0.32772283386356815 0.04051898917319929 0.3981679289931202 0.02099725468253584 0.5299464231998297 0.09856039265595165 0.6438601403362416 0.045909707067346595 60.0 0.0
240.00195744110198 0.2308 0.4923 0.8846 755.2597 2591.2272 0.4590067147685931 0.02784272451096036 39.42828839017514 5.672987564633406 42.062943208612374 44.806399457732724 0.38896472470318705 0.043037923387886604 0.44355626501240625 0.024703082025332567 0.591207055531001 0.08536001020263691 0.6741834843774571 0.04100998931997635 60.0 0.0
250.00195744110198 0.3769 0.5077 0.8846 718.1677 2610.5494 0.48447890610489935 0.02895795969652571 39.81149129337972 6.25303577097908 42.19179254272534 46.441774108973235 0.4211432807316358 0.04968179848940244 0.4760750130009796 0.02983785186306215 0.598869286496526 0.07836702931555718 0.6769826716917251 0.03533320033516533 60.0 0.0
260.001957441102 0.3538 0.5385 0.8923 649.5104 2652.5479 0.4850577561059139 0.031482398459939595 39.83751197732826 7.026385832954006 42.970002125211145 46.6050666965291 0.4198376095793673 0.051295094002032325 0.47876218636243634 0.030097603329131178 0.6043103351894129 0.08423831989545695 0.6891258208300323 0.037200084726887905 60.0 0.0
270.001957441102 0.3308 0.5231 0.8692 742.9346 2619.1147 0.5206827038211782 0.03074564118265272 40.30576998579855 6.431793987622983 42.52313657949134 46.19324517208802 0.3905428894067038 0.04574255000986441 0.4414832662858391 0.02907470784800699 0.6104066993466836 0.07996087510466127 0.6900249644788597 0.03506153485075435 60.0 0.0
280.001957441102 0.3308 0.5231 0.8538 639.8335 2640.2358 0.522444841762632 0.0344518852408108 40.41443845056992 7.875871663945952 43.78986430745006 47.495571788059664 0.3898317601256013 0.05479117533416236 0.45248329300293005 0.0350720645442275 0.5944237756844477 0.08881409436007039 0.6899561682051626 0.03670940416527855 60.0 0.0
290.001957441102 0.3769 0.6615 0.8615 715.6782 2606.5888 0.5465472013250549 0.02269520313634871 40.748640224502864 5.139901081667881 43.749623635536146 47.78488404035705 0.4236750501588748 0.05693848829555473 0.49176568322012254 0.032385456585963826 0.5917244321120745 0.0903971877907642 0.6868230015586578 0.039151874909459865 60.0 0.0
300.001957441102 0.3462 0.6692 0.8538 584.8248 2541.5554 0.567468436647812 0.01916228250810812 41.03622469163309 4.210067646047312 44.03222878445031 46.03872867762693 0.4159916192585097 0.055750414919630065 0.4828474152107702 0.0322190533214651 0.599154385879664 0.09047856445306134 0.6954470550388957 0.037581009525398223 60.0 0.0
310.001957441102 0.5 0.7462 0.8846 542.9206 2610.1198 0.6246609640078945 0.01700011145550355 41.92905101800394 4.399232187588057 44.68756768616733 47.59234834932428 0.4537332592248723 0.061533471802210346 0.5129158582542035 0.039008009661211374 0.6274732824440508 0.08301531780761962 0.7093176236324052 0.03537550994072226 60.0 0.0
320.001957441102 0.5154 0.6769 0.8308 522.1379 2621.8919 0.6065380311325445 0.014450375731384914 41.61674154506171 3.5300068504141118 44.62360733838393 46.48342628902494 0.425296403781638 0.07070062541370746 0.5119308564038235 0.04047185915582678 0.566876638756581 0.09891837008827183 0.682351509614403 0.039725877350764986 60.0 0.0
330.001957441102 0.5308 0.7 0.8308 505.8839 2517.6465 0.6000812745440741 0.013471315193451839 41.50392472789605 3.168346516632463 44.188033923989835 45.65103819498742 0.43595216285197114 0.06963269756348733 0.5247572330625578 0.03691307354879841 0.5733774976116315 0.09927405014982846 0.6901766174954823 0.03832013223024526 60.0 0.0
340.001957441102 0.3538 0.5846 0.8538 532.6774 2602.8217 0.6132113809949848 0.0187977373700989 41.80621403606849 5.219451897036814 45.41603925363114 47.97808164071466 0.3738036140137632 0.05935759961608941 0.441767907470811 0.03994900498273205 0.615176697807345 0.09038732386646499 0.7270270064995895 0.0249079203419307 60.0 0.0
350.001957441102 0.3769 0.6 0.8462 493.4571 2584.1005 0.5990717062971207 0.020712372565518205 41.603301883462315 5.650339952420089 45.4969241999281 47.66251684430532 0.37920390854641955 0.059369112839661745 0.4481500737366777 0.039080829034771385 0.6187971957340251 0.08980266000032866 0.7313057767765752 0.02324719139608839 60.0 0.0
360.001957441102 0.3846 0.6077 0.8154 498.1364 2709.5587 0.5770666483415784 0.0210350149490539 41.275046429466244 5.763296521231568 45.321596610064134 48.21118686874797 0.37183455390024883 0.06331232034286823 0.4603665905431652 0.037382540178847054 0.6106137728692912 0.1118041533930152 0.7559980045048368 0.0277131340614434 60.0 0.0
370.001957441102 0.3846 0.6692 0.8231 451.9793 2638.0929 0.5704406370163047 0.021185308130955812 41.170858402048445 5.7364818780838185 44.90121380598978 48.16074790894649 0.37943512097119464 0.06075713349479069 0.4697768164405267 0.032513698475371694 0.6090288771169878 0.10972051379348592 0.7540357526210326 0.025703919098446347 60.0 0.0
380.001957441102 0.3846 0.6077 0.8231 587.7369 2580.7682 0.6344509114376287 0.024012364110493484 42.25216597069492 7.422529198950943 46.381238939372906 48.31141198003942 0.3662222643340146 0.05647584932555987 0.44494293797590556 0.0333733993147455 0.612672814688872 0.09949091719057512 0.7443688402761997 0.022123335935790998 60.0 0.0
390.001957441102 0.5615 0.6538 0.7615 548.6886 2549.459 0.5976603876462089 0.020840509893973846 41.57127688103112 5.571903111544512 45.15294615336921 48.29925691239529 0.37908802560801563 0.06470421039781438 0.5028718707045106 0.023160789630352768 0.5441597367795591 0.12330711508784932 0.721844548789211 0.03440266161913268 60.0 0.0
400.001957441102 0.5 0.6923 0.8 554.9643 2561.9453 0.5583756491995464 0.02269838565070279 40.99161138859467 5.768369517827803 44.91110229348578 47.78686394437341 0.4217974497041163 0.06423775050785042 0.522225413919382 0.026729193475633774 0.5707616690390963 0.10608582611613786 0.7066573045245954 0.03463220196878468 60.0 0.0
410.001957441102 0.4769 0.6615 0.8462 488.119 2393.4987 0.5661764190765656 0.018171138981881715 41.08273870317195 4.881682396621782 44.47783101634753 48.213056508669524 0.4424559099153577 0.06192672393224821 0.5325858174907083 0.026208794883840845 0.5835258956510696 0.10696266780689982 0.7023922818022135 0.04468387167920846 60.0 0.0
420.001957441102 0.4231 0.6923 0.8769 535.3585 2631.3297 0.5706700661251486 0.01478225266025504 41.10219761718105 3.8321331603204367 43.83803134719932 47.56282102054975 0.4384501763448538 0.052916909340106004 0.4999870432002719 0.029369652997281892 0.6298487261630953 0.083639949663719 0.7182485473789683 0.031427845880155444 60.0 0.0
430.001957441102 0.3462 0.6692 0.8769 630.8826 2607.447 0.5702016733436043 0.011338601916534694 41.07348747606783 3.0521789428548853 43.15279762346899 47.42896931412301 0.42234227008225317 0.047768187698534435 0.4774303922668949 0.027522023490938848 0.6411762437676638 0.08162492354218408 0.724807927737359 0.031216410250410397 60.0 0.0
440.001957441102 0.3154 0.6308 0.8769 555.3438 2577.5765 0.5967268534815511 0.013053896590980144 41.48804667450218 3.6961502600565526 43.915616486844556 48.1086789145489 0.363262252717195 0.04420277926033534 0.41424642853715216 0.029154664350583413 0.651651628495809 0.0800659281119597 0.7431115061794314 0.022836350052654858 60.0 0.0
450.001957441102 0.3462 0.5923 0.8462 568.4225 2604.9715 0.5826967990492361 0.016898146343239107 41.31158125867317 4.601162042037864 43.85104091102665 48.06247198485203 0.3798795912008953 0.05311653167976494 0.4449040257307783 0.03309857597948278 0.6398018694019709 0.09020777538981212 0.7493175047050109 0.02298111781685382 60.0 0.0
460.001957441102 0.3462 0.6462 0.8692 594.3211 2557.1521 0.591539187102889 0.0221422721991562 41.47334711959183 5.762538961993748 45.12650404561182 48.186679799377494 0.3889166313754736 0.053625401839639965 0.44742621308682806 0.035352512610765316 0.6212457541063097 0.0875274205001317 0.7147075047240731 0.03341860891049384 60.0 0.0
470.001957441102 0.3308 0.6077 0.8846 572.149 2591.5149 0.6611448907269241 0.018294936196051208 42.60515489906437 5.779117279315937 46.57189562471779 48.35244838376404 0.36235036697696943 0.04671076328094438 0.41320655883338614 0.03212459904028964 0.6345494655612474 0.08248394326864779 0.7236090396751066 0.029148469125995908 60.0 0.0
480.001957441102 0.3077 0.6308 0.8769 535.8687 2665.6554 0.6289919187696957 0.023336495668825258 42.14211243306482 7.183789055391943 46.58191007550721 49.34624267664462 0.36330884707459343 0.04992662031569082 0.4106969575625839 0.036863039021820455 0.629541827612514 0.08350763882610106 0.7116559790402333 0.03554585371422467 60.0 0.0
490.001957441102 0.3538 0.6154 0.8538 525.0818 2699.2603 0.6297113127387515 0.02226097769463247 42.14859699230325 7.057533889783173 46.508891562852696 49.486392651506165 0.3567020566551703 0.0549972350947077 0.4215569760470194 0.037497601102304295 0.6024129962201774 0.09606121650543102 0.7119426318965734 0.034992908705015834 60.0 0.0
500.001957441102 0.1846 0.6077 0.9462 664.1586 2593.6757 0.655162389771629 0.024940021417907465 42.558873664190756 7.154079620870376 46.45178583724367 48.50559593430127 0.3401027846240128 0.0418963039724514 0.3684446833426805 0.03488682844200544 0.6660208767250188 0.06860431316663895 0.7215226164521036 0.0339871020389313 60.0 0.0
510.001957441102 0.1692 0.5846 0.9615 556.6593 2528.7155 0.6498632733979173 0.01856095077318289 42.37865484040971 5.189598866457432 45.35839689955052 47.86096823201433 0.3226875173685604 0.033529253778420136 0.3410518476253077 0.029138537044155748 0.6904947728942263 0.05773691930076552 0.7297912233841416 0.03213642142986005 60.0 0.0
520.0019574411019 0.1692 0.5615 0.9308 609.4197 2633.5442 0.6434548939874414 0.02127386466382237 42.29105736549477 5.69696346489511 45.457757051835166 47.977429081540386 0.31908701413882967 0.03760607920686487 0.34282075899213105 0.032222311219509296 0.671952170624138 0.06228484282770411 0.7219320841416359 0.0305734187161184 60.0 0.0
530.0019574411019 0.1769 0.5692 0.8923 597.5322 2673.842 0.641725994396334 0.025006159834088947 42.33337810375107 7.130875860238234 46.2328087664625 48.22890774380386 0.31752142598344996 0.03845344336062979 0.35280158442605547 0.03020868435543863 0.6544688541565747 0.07718041286048843 0.7271876157295275 0.03249389539568438 60.0 0.0
540.0019574411019 0.1615 0.5769 0.9231 644.6913 2689.5045 0.6502823552582515 0.02785636427020835 42.50761237165899 7.862726589984739 46.52617629403249 48.11409323417449 0.32243219910859405 0.04007028483393016 0.3493015490343102 0.033973160315170406 0.6802843476580324 0.06592305202520747 0.7369747099628683 0.029332353892236873 60.0 0.0
550.0019574411019 0.1692 0.6385 0.9385 636.3918 2622.6244 0.6395976241572577 0.02591612261528766 42.31822583236474 7.367190300946778 46.497101794335705 48.104146649042995 0.33614729600055465 0.03550831343268758 0.3581897416399353 0.029895341553367667 0.6934215543391241 0.05604663174194641 0.7388918201974274 0.02587692048853693 60.0 0.0
560.0019574411019 0.1923 0.6077 0.9308 506.548 2657.9227 0.6570527768021339 0.024513229300047058 42.58737404656628 6.995802064001128 46.21702051277186 48.368764401902745 0.33151028948859296 0.03401085045544654 0.3561680796158437 0.027706160501101702 0.6836941016821279 0.06025774985156884 0.734547381972534 0.027111652655886245 60.0 0.0
570.0019574411019 0.2 0.5769 0.9231 535.5294 2620.2512 0.6676629777921118 0.02332094580023052 42.75965182295385 6.840241738587926 46.36179868856519 48.21980937697945 0.324499934363167 0.03449478788700712 0.35154159556009756 0.02780735622329553 0.6775972590189241 0.06172836989845961 0.7340636972705011 0.025117346426415162 60.0 0.0
580.0019574411019 0.1692 0.5923 0.9538 479.1659 2747.5868 0.6665082090157998 0.024326548489078087 42.758204904876195 7.144355107213401 46.437077597933744 48.05421430297699 0.3304347877230267 0.03307127670651103 0.3492400195446624 0.028347437156406044 0.6977794717731001 0.05112915931963585 0.7374904986219756 0.024536241297296462 60.0 0.0
590.0019574411019 0.1615 0.6 0.9385 393.5349 2518.187 0.6613478081225246 0.025357791647715358 42.67921481455468 7.4003336445598435 46.23316422875535 48.46551343350126 0.32903195791009937 0.035580199979860734 0.3506078240025649 0.03030542452132833 0.6935867298349829 0.053360796791996234 0.7390678268733425 0.02299736932916429 60.0 0.0
600.0019574411019 0.1615 0.5923 0.9308 426.7372 2657.8537 0.6577556325898564 0.027835823053313148 42.67102095771209 8.338540007404816 47.02912275393518 48.33766249932107 0.31948915560020885 0.03643490164773287 0.3461132519002263 0.030204268963370466 0.6902440774963063 0.060512369064532924 0.7477644172876652 0.0222243361795956 60.0 0.0
610.0019574411019 0.1769 0.5615 0.9154 511.2604 2687.9093 0.6705296288544559 0.02708930722991508 42.886842669199204 8.252580876754099 46.88725846899927 48.550170354759956 0.30702732834941204 0.03597866802780526 0.3354080057598619 0.02973283485183796 0.6818530244378181 0.0647970416042386 0.7448814552682047 0.02349086408984594 60.0 0.0
620.0019574411019 0.2 0.5769 0.9077 433.2578 2600.3951 0.6617037884633449 0.027339326838686916 42.71665465860749 8.032803831038295 46.68021835684201 48.536756031000365 0.3085219860706834 0.03940557190882443 0.3398971032982105 0.032691709605192486 0.6789558571618777 0.06749891889766381 0.7480022155173228 0.02233363002608604 60.0 0.0
630.0019574411019 0.1769 0.5462 0.8923 493.6092 2564.514 0.6679483830670498 0.024072907824227836 42.81087401583989 7.541154761366565 46.85798653563508 48.537168063256466 0.2855011744955299 0.03433931953888602 0.31995821279671455 0.027399078112303996 0.6532785973584181 0.07469930756315356 0.7321225660051237 0.02556774463866948 60.0 0.0
640.0019574411019 0.1923 0.5846 0.9154 448.3362 2593.8517 0.6785205782587942 0.02432753843549952 42.994669390223976 7.588357048873296 46.92053710287811 48.255324094585355 0.2902925355162301 0.03127665207244629 0.31712629930344466 0.025610463939026558 0.6829844674691817 0.06317537751346124 0.7461174854705347 0.02156076704167443 60.0 0.0
650.0019574411019 0.1615 0.5308 0.8846 504.1514 2573.8958 0.6625218904504075 0.029183670261901544 42.779036501440444 8.887725348753426 47.0363564395433 48.56585450867541 0.28248772568127967 0.03537506153826293 0.3165810718841927 0.028794427831057484 0.6588265043801292 0.0750060286369061 0.7383400480122138 0.024918659077395423 60.0 0.0
660.0019574411019 0.1462 0.5385 0.8923 438.3844 2559.7154 0.6553851842883658 0.0316553960458202 42.68148414658079 9.391276589839482 46.92081725131104 48.34422879617711 0.28341510830889455 0.03503859363411708 0.3176203800013473 0.028345398062716385 0.6613585119160105 0.07598106261969201 0.7411776426644945 0.025556339812940664 60.0 0.0
670.0019574411019 0.1615 0.5538 0.8846 533.7438 2568.2233 0.6569036310255848 0.031942002333272594 42.73486220301387 9.825823851836905 47.14251346589379 48.496886067904356 0.2844306042399555 0.035360011860557344 0.32153024827125404 0.02797934989520758 0.6529444269451569 0.07852312757824816 0.7381110913293077 0.025441233371454618 60.0 0.0
680.0019574411019 0.1615 0.5154 0.8615 528.2767 2483.1283 0.6450026330377624 0.029990211947778022 42.44576470914031 8.372437006814867 46.32320378944819 48.32207138869776 0.2786309691575947 0.03965990075693037 0.32632455847285863 0.03080517059897182 0.6357815811715323 0.0904310628925944 0.7446090590297225 0.024280375817799696 60.0 0.0
690.0019574411019 0.1462 0.4769 0.8769 499.6407 2596.385 0.6455388368053971 0.03045188382035306 42.448044003424485 8.370298478003052 46.33071730516376 48.175256890807546 0.2723073325238699 0.03534495900191581 0.3105259055096762 0.02837667270004203 0.6377613139435833 0.07848530415716799 0.7272716737953143 0.023923826760144148 60.0 0.0
700.0019574411019 0.1615 0.5154 0.8923 618.7053 2689.05 0.6646353106501809 0.03015384622573649 42.790139727246114 8.678842039756425 46.74774619575564 47.94242181131664 0.2804951305528108 0.036137901874221105 0.3143479911367707 0.02980318443820531 0.6510582328368086 0.07287171632443713 0.7296342264550442 0.02391278456129889 60.0 0.0
710.0019574411019 0.1846 0.4923 0.9 572.7646 2686.4082 0.677297925850866 0.028325243603384703 42.97275322736548 8.139439550088007 46.580937823743625 48.210220358644136 0.2857004099437306 0.03854985623477846 0.3201814939024567 0.03210667545552897 0.6487714412935963 0.07237296835719724 0.7270714428290304 0.023758854675234645 60.0 0.0
720.0019574411019 0.1692 0.5308 0.8846 559.3831 2576.4337 0.6649165695917914 0.03131877527332382 42.83157242182483 9.12249260090321 46.67809953180415 48.163562206463425 0.2782253680867759 0.03641915337586281 0.31727454255509535 0.029076898790221458 0.6457487464357032 0.07884909753629932 0.736380149444223 0.022683793342679028 60.0 0.0
730.0019574411019 0.2 0.5462 0.8846 595.9564 2676.3582 0.6652898196809038 0.03249041230849399 42.83697041878755 9.322077219087598 46.50404692235688 48.25399173872345 0.28309515868167046 0.03432170006511065 0.3200206141618883 0.026917149212156103 0.6612955075456889 0.07831893452726435 0.7475514433125178 0.023577687606922294 60.0 0.0
740.0019574411019 0.3385 0.5923 0.8231 631.5069 2653.5181 0.6452779491561607 0.026154403863241735 42.395337961251435 7.436802146867026 46.16039877970209 49.052899492587215 0.31516294125823874 0.04745385240834428 0.3865205883355758 0.030456569421290436 0.594518460991737 0.10485632971366406 0.7291264144238284 0.029742550500403725 60.0 0.0
750.0019574411019 0.3077 0.5615 0.8385 566.7197 2626.3845 0.642311228897582 0.023412851526652782 42.32176346369151 6.682618604165602 46.11353760703853 48.166292140277456 0.32061421314461186 0.05058872790137265 0.385924515822218 0.03554974233512939 0.6101340079093815 0.09846815125476595 0.7344205650761074 0.02658226475629656 60.0 0.0
760.0019574411019 0.3231 0.5923 0.8769 566.7279 2613.6088 0.642052442120239 0.029055569921966735 42.376962874777185 8.217336826610461 46.391251127476465 48.130014468952034 0.358318258305685 0.055486946947503585 0.4122245449534429 0.041489172139216546 0.6141670047142903 0.09237245620660782 0.7065638107332544 0.04052614109762436 60.0 0.0
770.0019574411019 0.3538 0.6 0.7923 493.4988 2609.9247 0.636952872508321 0.027997723071118027 42.28557749184847 7.851514059686105 46.42040218410213 48.131401714516684 0.3322458120503194 0.059855176674180624 0.41933937443244196 0.038819377592439704 0.57396643386014 0.11090173730789088 0.7244236543865845 0.030194733842044772 60.0 0.0
780.0019574411019 0.3154 0.6 0.8 577.3023 2693.4363 0.6252233716374154 0.03148083213090643 42.11718016242493 8.604244728523089 46.55901880315232 48.04361940147256 0.3303205126189845 0.06248093844555845 0.4169093848589125 0.04256637816643124 0.5843787061672144 0.1160954697199894 0.7375653572984259 0.03273375867803602 60.0 0.0
790.0019574411019 0.3462 0.6077 0.7692 463.6772 2671.352 0.6130325895985896 0.031419435501446 41.9848152827518 9.461866736503817 46.64835586307113 49.26416015722201 0.323005602665924 0.06476372220895492 0.4199072834657012 0.04328836373904734 0.5662077924854879 0.11963685856888377 0.7360701302311343 0.02959692372531032 60.0 0.0
800.0019574411019 0.3923 0.5615 0.7231 480.1041 2639.7351 0.58378809469322 0.019125931962031894 41.34503932598824 5.249878136613013 44.83863760008313 48.16599044328335 0.3249658263482811 0.06979586917776942 0.4591908415790928 0.036629192693300866 0.5064381986348957 0.12833619976356062 0.7156191937232222 0.03058821697961534 60.0 0.0
810.0019574411019 0.4385 0.5846 0.7615 511.9322 2575.268 0.5571611394131669 0.023380989182131173 40.97736623480903 6.236664410699331 44.51671039839346 47.980055164849475 0.35735418981715106 0.07377018253601718 0.4789282956312334 0.04029689016640132 0.5184933246560982 0.11946308745846576 0.6948879608793069 0.03667719689425416 60.0 0.0
820.0019574411019 0.4308 0.6154 0.7846 525.8603 2659.4605 0.5571290149392011 0.023814036828380184 41.01019013757595 6.706137813253404 45.9400343138818 48.10841938391852 0.3789120205187684 0.06914881229771354 0.47364002564846047 0.041301275819053795 0.539022556695644 0.11111799690254713 0.673778195869555 0.04749027970932578 60.0 0.0
830.0019574411019 0.4923 0.6462 0.7923 578.7208 2577.5643 0.5719372434468831 0.02126069400485914 41.19835450868848 6.022744209686153 45.385602482546304 48.24217741967736 0.38967447614070255 0.07319350955190596 0.49664394017932684 0.039833046040559705 0.5473489428825743 0.11055581104011337 0.6976015938699476 0.0353506709440892 60.0 0.0
840.0019574411019 0.4615 0.6154 0.7538 488.4008 2660.9136 0.5510043766493734 0.01752161147560762 40.85104755012975 4.790194131348984 44.38672100754913 48.16219750220574 0.37926465997148573 0.0810224788812545 0.5082928432607541 0.04260668612113807 0.5317591366879743 0.11812199934124971 0.7126668842209964 0.02845648667436296 60.0 0.0
850.0019574411019 0.4538 0.6462 0.7692 503.2827 2609.604 0.5521573263424118 0.017964581942174644 40.85296236267732 4.619762857660361 43.79462392664115 47.78131094847006 0.39579362162758147 0.08033991422891333 0.5145317081158559 0.042973716056644594 0.543186702090562 0.1138649767627934 0.7061427127177305 0.03213699053138918 60.0 0.0
860.0019574411019 0.4231 0.6 0.7385 468.9817 2662.4343 0.5544649080283105 0.01702050692093067 40.87555401347139 4.275271883227066 43.81859012098205 47.911039825126224 0.3738249305904681 0.08100825758417665 0.5062212601745922 0.04227335679074171 0.5243971561499771 0.12256368833076808 0.7101211489530939 0.0331537728373533 60.0 0.0
870.0019574411019 0.4615 0.6077 0.7462 502.927 2668.6387 0.5690424450560146 0.016144066062729032 41.09348888802413 4.236696256330892 44.613590503508895 47.74671930299781 0.37071388091257046 0.07702548260341152 0.496833036274579 0.04019011932732871 0.5369390252549093 0.12175293619870167 0.7196090029189506 0.030785266688519653 60.0 0.0
880.0019574411019 0.4846 0.6615 0.7692 543.8303 2694.0323 0.5653091615301075 0.01759697897542755 41.07119589805326 4.914154698349513 44.50581257970714 47.85121418132757 0.38438281529615015 0.07541540962686379 0.5047451109949447 0.03789910297916409 0.537923142216122 0.11825857893835631 0.7063637221019784 0.03547250512132904 60.0 0.0
890.0019574411019 0.4538 0.6154 0.7615 457.9075 2569.4624 0.5859459375916299 0.015958642991575518 41.34085071199564 4.258079049084307 44.05893846151621 47.94761752675044 0.38209497920429086 0.07640866368496764 0.5017408817834123 0.03993494683510797 0.5192079647647533 0.11129016264747048 0.681788236559777 0.034517802221187555 60.0 0.0
900.0019574411019 0.4231 0.6154 0.7308 503.0145 2678.4565 0.5542600632046213 0.017269986834445472 40.872562000125036 4.404315050191955 43.46361250743043 48.05983668738196 0.3607932205177954 0.07938710778277738 0.4989693475246107 0.04043059808589094 0.5340587792073893 0.13031755934371095 0.7385919286910704 0.02807216150159238 60.0 0.0
910.0019574411019 0.4692 0.6231 0.7615 444.6987 2615.2977 0.54372047127744 0.02013335182089277 40.76149586235026 5.365109936629958 44.3648079594936 48.25535734496566 0.3865417506863098 0.080014116697053 0.5075800766587907 0.0432611573379515 0.5509992041182492 0.12078933025348448 0.7235343084381051 0.03288930542396476 60.0 0.0
920.0019574411019 0.4385 0.6231 0.7385 417.8721 2709.593 0.5598018707121287 0.018183417401830267 40.974098121481 4.848245269228539 44.31115541057616 47.995933139096365 0.3679481319741454 0.0800957170927014 0.5035079700698831 0.04093700967247579 0.5376544143441937 0.12630883644763136 0.7357376196288966 0.026051059968134557 60.0 0.0
930.0019574411019 0.4385 0.6154 0.7385 441.9612 2638.5944 0.5486090052096919 0.01833739096414487 40.82420689050764 4.937396572288842 43.853758555995384 48.036212225032145 0.3731172506647766 0.08213068290456879 0.5105815009096942 0.04177788605956564 0.5381071665563596 0.1281026346291557 0.73635717528765 0.02826459900318319 60.0 0.0
940.0019574411019 0.4308 0.5769 0.7385 411.6378 2597.449 0.5505102292686521 0.019271673606336196 40.85189626426218 5.140543002044908 44.02243638087879 47.78813873588774 0.36326776699695884 0.08278746682615577 0.5023915926553686 0.04418803255681156 0.5262460527883681 0.12682105227107152 0.7277870942817857 0.027656910323316297 60.0 0.0
950.0019574411019 0.4308 0.5846 0.7385 481.3364 2692.4696 0.5516216101951669 0.018696831780541552 40.868664470103646 5.047099840897124 44.083469755257966 48.21471239785693 0.3587575456429174 0.07888894445325148 0.485817509724784 0.044745159181221475 0.5369789424168377 0.1246992978468558 0.7271589845228011 0.029581697873620125 60.0 0.0
960.0019574411019 0.4385 0.5846 0.7385 552.6227 2591.6734 0.5391302964285223 0.017506281739897867 40.6716925856141 4.511880235886799 44.04485931406444 47.725613528048555 0.367470359993211 0.08131115294768285 0.49248604947543745 0.04705204037294549 0.5544710671367045 0.12440290276595012 0.7431055538945524 0.025530906088796556 60.0 0.0
970.0019574411019 0.4538 0.5923 0.7615 438.1302 2646.8594 0.5528038757157188 0.016301716811004573 40.83789169197517 4.062652422078333 43.18687743131819 47.50631023307439 0.3858362450298481 0.07818566920327505 0.5015871185388026 0.04323269309143334 0.5513983590116718 0.11745377435231 0.7168178667151732 0.03327243463573919 60.0 0.0
980.0019574411019 0.4538 0.6154 0.7769 532.1782 2700.9912 0.5424349034685519 0.01706010538888198 40.70243458693007 4.289877872573732 43.46258056306108 47.15026796108614 0.38404114721824073 0.08169683789308921 0.5094423381466459 0.04410509122412698 0.5501448525583162 0.12092275381554562 0.7297839880875624 0.02836550822039295 60.0 0.0
990.0019574411019 0.4692 0.6385 0.7692 529.4333 2579.6818 0.5495156430942446 0.019162649702908093 40.83580261713718 5.059152336973928 44.949538577953966 47.99678145146673 0.3976342154629412 0.08218939850511935 0.5221459394967914 0.04251139373349408 0.5512814440032724 0.12004037893909182 0.7239049264689436 0.03177421361644391 60.0 0.0
1000.0019574411019 0.4615 0.6385 0.7692 421.9443 2685.8548 0.5483810193140337 0.018531734966144714 40.79022012539729 4.593065180373108 44.065466273307585 47.03842019499497 0.390673007601729 0.08358410159229536 0.5182397039614773 0.04436656354265755 0.5620599584514486 0.12569440865537657 0.745589740802942 0.028911982236522416 60.0 0.0
1010.0019574411019 0.4615 0.6231 0.7692 545.3195 2680.9567 0.5847391941490382 0.01940980827475781 41.33574297875477 4.877126857520454 44.6306349647057 47.3389669160202 0.379621972672891 0.07677732011442769 0.4984934994694528 0.041202680001344534 0.5439093224477896 0.11807953174166094 0.7142243628102287 0.032546812529265064 60.0 0.0
1020.0019574411019 0.4615 0.6308 0.7538 517.155 2677.7203 0.5800053265876731 0.017339909942959676 41.24510552851324 4.340743163315434 44.32660963657197 48.00793367433157 0.37722748488922675 0.07628572851885401 0.5055626086144276 0.0369516594372655 0.5276271224451725 0.12005807932336822 0.7071291331739425 0.03307474386981095 60.0 0.0
1030.001957441102 0.4462 0.6462 0.7615 476.0931 2672.5729 0.5873381020130894 0.02394784230856488 41.46793327110685 6.8045396596002625 46.06521283973875 48.13161489798808 0.37327952470160386 0.07312880637794525 0.4951667164409031 0.036277081781435926 0.5402206301948332 0.11938252697858351 0.7166192033196767 0.031052646352277044 60.0 0.0
1040.001957441102 0.4538 0.6154 0.7846 543.2894 2629.8947 0.5827387823920603 0.019606267771900082 41.30968733042637 5.061651797981868 44.45900387288575 48.018058354928044 0.3780391685331104 0.07414359214991151 0.49145091909304356 0.040312045277530975 0.5402029353874886 0.11355905854356146 0.7022638160037353 0.03301181118656882 60.0 0.0
1050.001957441102 0.4385 0.6385 0.8 460.707 2622.1343 0.5954576192142548 0.024039835688353304 41.59189138162337 6.835749704747713 45.521637622182574 48.192038992525674 0.36797676328736395 0.07077412498798105 0.4783697922735731 0.038878718070618344 0.5404745841433812 0.11200685386201241 0.7026169593863956 0.03087359474854668 60.0 0.0
1060.001957441102 0.4154 0.5846 0.7769 363.2954 2610.8052 0.5584693007582172 0.01808869100719587 40.9557908642865 4.77483439378712 43.80608974214219 47.928829335262435 0.3743653180007339 0.076656347708194 0.48667491340095415 0.04467517770512315 0.5281960632845278 0.11281373756174733 0.6866548822698862 0.03709414117135103 60.0 0.0
1070.001957441102 0.4231 0.6077 0.7923 416.0604 2660.1249 0.5648369773440407 0.018182286557958317 41.05887353470502 4.925023903746148 44.69617361621607 48.17483377506372 0.3864105745684152 0.07326293818043571 0.4877026669310095 0.04277132741272054 0.5388854547961526 0.10910682854156863 0.6801466905194158 0.04096774116028159 60.0 0.0
1080.001957441102 0.4385 0.6231 0.7692 501.3118 2518.2373 0.5808692534293872 0.016450319253827207 41.27878530325719 4.49462742036553 43.975389705884666 48.15124711244749 0.3778736808931655 0.07531782587631776 0.49123578516111516 0.04189138695239137 0.5181575033429037 0.1106298677746187 0.6736047543457748 0.038386385963376894 60.0 0.0
1090.001957441102 0.4692 0.6538 0.8077 450.6547 2611.914 0.5625015065305904 0.018073284194876613 41.026984982434634 4.907460151125965 44.09564820094069 47.61103131136758 0.4123591955409947 0.07516832259888463 0.5105399563840887 0.042630456467347894 0.544913912270058 0.10380841113141802 0.6746553199534051 0.040389983559735304 60.0 0.0
1100.001957441102 0.4462 0.6615 0.7846 353.4059 2648.3351 0.5581198475229177 0.01639504125272792 40.93933183235735 4.345860978022608 43.56092664509068 48.02892569669694 0.39678140619787494 0.07697151406071646 0.51070874065073 0.040527730779170906 0.5365475490853646 0.10920709873779164 0.6906057562484892 0.033419737860933475 60.0 0.0
1110.001957441102 0.4538 0.6462 0.7846 433.4992 2640.3045 0.5693384407145728 0.018265776333811132 41.13592419171803 5.127864122702749 43.76868685699917 48.142758801519854 0.4009989374431318 0.07742879348026543 0.5110770771334032 0.042078773685715096 0.5441200419880196 0.10842298368213274 0.6934863280239465 0.03387178432836554 60.0 0.0
1120.001957441102 0.4385 0.5923 0.7692 350.4268 2658.7354 0.5578695208037098 0.01959061871677581 40.96796333506834 5.281097225909685 44.7124797254687 48.13192523513656 0.38311433343578527 0.08209050048905525 0.5030794277439605 0.047090096272461565 0.5402320297806544 0.11805898011209631 0.7093955946614654 0.03417575052853544 60.0 0.0
1130.001957441102 0.4308 0.6 0.7538 415.3796 2629.1723 0.5608321447753682 0.019508829467737437 41.021990334231745 5.443622202877748 44.8250233263662 47.9503380383195 0.3780178371319204 0.08116864847064377 0.5014522329300984 0.0454113734037361 0.5453435753893582 0.12196871477231228 0.7234149469450669 0.03205828874845625 60.0 0.0
1140.001957441102 0.4462 0.6 0.7615 406.3639 2590.5035 0.566077902736503 0.018016742733954025 41.08415443846143 4.97079106701787 44.51393166783665 48.15611607059293 0.38005696835075736 0.07855147464613468 0.49906470591513596 0.04340078199980958 0.5458477941610667 0.11869262627665039 0.7167698307165522 0.032476373756480985 60.0 0.0
1150.001957441102 0.4385 0.6154 0.7846 348.513 2645.4836 0.5598547236203903 0.017704897502895892 40.9733789366591 4.646382372077057 44.21941891626938 47.648726505987604 0.3892829908767749 0.0765938728501603 0.4961449883723602 0.044283832259123225 0.5558082628935931 0.11348723781572548 0.708383080158501 0.03579751425086653 60.0 0.0
1160.001957441102 0.4538 0.6231 0.8 399.6489 2550.053 0.5823774177740569 0.015263835785879915 41.29388794602403 4.184892373376829 44.442463317973015 47.98144642241097 0.39275238067925033 0.07450593519325144 0.495706888235947 0.04269249026605506 0.5531153319716945 0.10546239755533299 0.6981067296730125 0.03116709632548403 60.0 0.0
1170.001957441102 0.4385 0.6 0.7692 438.307 2585.5517 0.5895660793210044 0.012962870982628933 41.37792424732696 3.580725197847863 43.89059806553195 47.90398559105267 0.3771318200354354 0.0753550016368654 0.490271366046066 0.042160477106154316 0.5441576238137315 0.1141456017677654 0.7074049109578509 0.032086761266788714 60.0 0.0
1180.001957441102 0.4385 0.6077 0.7923 499.1959 2665.202 0.5812798221169423 0.01862527845459329 41.30480950654752 5.045697988530226 44.574603935516805 48.096075752346096 0.3895322775137007 0.07557319591656124 0.4964627066351087 0.04291159709290177 0.5533712816468666 0.1143731102091076 0.705277123667575 0.037884042113375475 60.0 0.0
1190.001957441102 0.4538 0.6308 0.8308 523.185 2736.0289 0.5803534673984637 0.01881383522801889 41.315752490055154 5.354361881169194 44.91173313910179 48.03529778378315 0.419801414190001 0.07393751014624587 0.5100391013523377 0.043521610188187 0.5701752924680206 0.10239042673206991 0.6927363366433895 0.03890376180578314 60.0 0.0
1200.001957441102 0.4538 0.6 0.8 466.2969 2724.6648 0.5803004220914926 0.014772330516302489 41.25630224975758 4.062698074837941 43.83557175864884 47.82458811224906 0.40418503690921614 0.07637883896200286 0.5052312961365202 0.04411155382627157 0.5509581049418768 0.10381917952980475 0.688697631177346 0.034244097803957624 60.0 0.0
1210.001957441102 0.4462 0.5846 0.7692 449.3453 2651.9971 0.5703085222058146 0.01544558457635648 41.10834156075448 4.0819353700242775 43.532535146814226 48.06207542523309 0.3790635421057723 0.07847585005242182 0.492782604737504 0.0456515865410627 0.5443902552749008 0.11634104170937958 0.7077073318573711 0.03484772857593298 60.0 0.0
1220.001957441102 0.4308 0.6308 0.7538 416.4927 2612.6335 0.5649276575326552 0.017082333938251038 41.07263212330044 4.878600046232113 44.36739231536098 48.12975681171841 0.38258213529371604 0.08176380094206914 0.5075069141651335 0.044683626771165254 0.5441315239508305 0.1192978094897147 0.7218071236082446 0.029084135039304897 60.0 0.0
1230.001957441102 0.4462 0.6077 0.7615 469.9606 2654.7336 0.5714411784369303 0.0184140415830083 41.15187080220639 4.849883033633742 44.286239188596724 47.75588173380757 0.38239065255401267 0.0802688924849558 0.5021291397173904 0.0449223771333556 0.5418795847453032 0.11631947819165625 0.7115590506756506 0.031145445681278233 60.0 0.0
1240.001957441102 0.4615 0.6 0.7462 481.7356 2645.4177 0.572594839727324 0.016770932461764254 41.17308494527493 4.653589798188873 44.24043325354089 48.001688835175926 0.37255761845252794 0.08075351264664869 0.4993040247301921 0.04456832319050708 0.5243825279365463 0.11932472315175692 0.7027807075438248 0.033661810357813425 60.0 0.0
1250.001957441102 0.4385 0.6 0.7615 423.0609 2754.4335 0.568817482605239 0.017212632230221986 41.12568977049324 4.8135137648484685 44.21721312293911 48.16910572961832 0.3812406833898474 0.08171609250378249 0.5057274371497976 0.045068577041777524 0.5373008300362971 0.11995560066723653 0.712745999027741 0.03319158707039731 60.0 0.0
1260.001957441102 0.4231 0.5923 0.7385 403.8012 2660.1844 0.5576837836004596 0.017798271642835248 40.95645311279224 4.792300736317835 44.34344557269429 47.911582794825534 0.36655605648640327 0.08666602908554112 0.5069392270556641 0.04828321042918693 0.5205909160289209 0.12578730831045565 0.719966160465529 0.02939226262937726 60.0 0.0
1270.001957441102 0.4308 0.6 0.7308 368.5915 2784.923 0.5621103382242856 0.01727207155336499 41.021429608426345 4.711493585475057 44.21670679508848 48.13071136736616 0.36981524330598997 0.08550638044212665 0.5060629645239864 0.04766042696445467 0.5239747344601655 0.123633587795511 0.7170180576823317 0.02977931598316384 60.0 0.0
1280.001957441102 0.4846 0.6154 0.7308 471.3373 2678.9584 0.5613665597265891 0.01586601400685353 40.99682049717367 4.36257184826252 44.02115051861159 48.07237962368881 0.37217879406289767 0.08129689948475087 0.5092972971387021 0.04099002285247575 0.5174878981857333 0.12021640820833697 0.7081413343594244 0.028531985990553326 60.0 0.0
1290.001957441102 0.4538 0.6462 0.7308 384.6874 2589.2553 0.5491107607377805 0.014034495863869612 40.782992218204754 3.5644404470822844 42.38181561008254 47.54506800890311 0.36440352341508186 0.08340746871841352 0.5093812692898994 0.042300122618614815 0.5321689823665893 0.13070997378779345 0.7438921258887808 0.02406698848379955 60.0 0.0
1300.001957441102 0.4462 0.6154 0.7462 416.9993 2579.5964 0.5589467124024629 0.01669931733694676 40.96671419206329 4.546295707580563 44.43988039256688 47.940104255946714 0.3854975731996579 0.08150911612485773 0.5166462321232529 0.041064607431875344 0.5363225758731865 0.12197414363834751 0.7187828336444769 0.03138731585246763 60.0 0.0
1310.001957441102 0.4615 0.6538 0.7385 409.9552 2612.3393 0.5432066805894694 0.016438850982019432 40.72513032456899 4.3106425465972364 43.575015566323245 47.9552419263479 0.3893635902765271 0.08128855361822691 0.5218274921231807 0.03938815379265318 0.5424991075462362 0.12311233206151985 0.7270606595980484 0.029846966563820215 60.0 0.0
1320.001957441102 0.5769 0.6385 0.6769 470.216 2633.2101 0.5614523701122185 0.016072340264058748 41.0328004435676 5.1567834897484985 43.45391006877155 50.21408146492001 0.3667643394467907 0.0875510888633294 0.5480386681388827 0.030826113239365988 0.46643951904173303 0.1306308685484737 0.6969785916715552 0.03339712328187831 60.0 0.0
1330.001957441102 0.5615 0.6231 0.6538 462.0569 2621.766 0.5372762576667734 0.012587725748552502 40.596155335839526 3.1924623307693634 42.26707812152725 48.01327044942511 0.39309484421321633 0.09246341320374976 0.5942131366013735 0.01941372949842495 0.47048689342461186 0.13526923448978523 0.7112011179674366 0.03208065702479354 60.0 0.0
1340.001957441102 0.5538 0.6231 0.6615 429.2929 2555.1045 0.5444652967517296 0.012926687963132549 40.706200072970255 3.341138035051428 42.30953650840109 48.01954042151949 0.39628150727997374 0.09077566253847323 0.5921447809930642 0.018835480637759017 0.4721517273935306 0.13773496079424158 0.7055140754156205 0.04004759648739498 60.0 0.0
1350.001957441102 0.5692 0.6154 0.6769 447.842 2622.2468 0.560154059039047 0.012746160187826278 40.92717910997642 3.280644602272823 42.69960508289832 47.96853901837076 0.4039489502651921 0.09277122922940348 0.603601879706609 0.01724467100131459 0.4574063488676585 0.13234002653396734 0.6834807511815587 0.042195822341310384 60.0 0.0
1360.001957441102 0.5769 0.6385 0.6769 434.4871 2595.6177 0.5556834993705446 0.013376327401232404 40.86265970849832 3.3840298147235948 42.6164018625798 47.56809072363973 0.4240125416966774 0.09240721267661448 0.6193441620288547 0.013108330112298535 0.4820617819168593 0.13660090579582015 0.7041351870695697 0.04209788255803384 60.0 0.0
1370.001957441102 0.5692 0.6385 0.6538 377.9112 2674.9684 0.5452697021846895 0.007994903167770915 40.640714042548936 1.5595716553578292 42.01534063667358 44.667358337885446 0.4076319697365141 0.0953423574350481 0.6234371301852568 0.01027599246223672 0.462386690590776 0.135007191297902 0.7071796444329514 0.03215901407757406 60.0 0.0
1380.001957441102 0.5846 0.6462 0.6692 382.2858 2767.4679 0.5288258794796281 0.007584770651645768 40.410950180594725 1.4443162922337875 41.820808871423225 43.8332552519152 0.41601768784069243 0.09666573535984593 0.6288639467359304 0.011278408912613518 0.46638942416118667 0.13323282185516908 0.7050072690808635 0.03199394014175888 60.0 0.0
1390.001957441102 0.5692 0.6385 0.6615 401.0591 2712.351 0.5343978125494074 0.007173236150387532 40.48657812201417 1.372281398566739 41.64370993165507 43.55459047278419 0.4145752190633672 0.0977117302058729 0.6340562173910322 0.009237302517924286 0.4678447953581734 0.13803268341515115 0.7155273340772064 0.03264533211012693 60.0 0.0
1400.001957441102 0.5692 0.6385 0.6692 369.6535 2684.3767 0.5118956184027235 0.009200654498946203 40.175414996780226 1.7354933350385258 41.46768750493529 43.25564213102722 0.42643813502248823 0.1001266595581652 0.6446157854991101 0.009661575700402958 0.4694369543949303 0.13597420673985974 0.7096140008295457 0.0339227660499207 60.0 0.0
1410.001957441102 0.5615 0.6385 0.6769 415.3298 2604.3552 0.5271653510327328 0.007706548979096547 40.38746609330471 1.4692350244075174 41.58377381455792 44.00505278438085 0.4304122099218548 0.09606980608480153 0.6358362192027401 0.01033097414037065 0.47714212176812704 0.13458252512730404 0.7048690435210967 0.03719071126046551 60.0 0.0
1420.001957441102 0.5923 0.6462 0.6846 401.2345 2709.6902 0.5368259124528022 0.0075820456558417975 40.52475238453213 1.4752455024229514 41.794982458613305 43.97700669148985 0.435514061893696 0.09342859527617668 0.6290758671797831 0.012285767915012522 0.48590681263793295 0.13071135698474878 0.7018653960325698 0.03618110057922176 60.0 0.0
1430.001957441102 0.5923 0.6769 0.7077 381.0776 2684.3868 0.5391597096379248 0.007091436656755761 40.554829582826784 1.3749470034000975 41.67928250146813 44.081412985365176 0.44900533050834696 0.09285726573138703 0.6414361864404957 0.008291831894805776 0.4903375862364307 0.1291236958779513 0.7004822660520439 0.036239091225530366 60.0 0.0
1440.001957441102 0.5769 0.6077 0.6615 415.5826 2698.3411 0.5465692697328621 0.006426937194876566 40.65710948403652 1.2670835733765051 41.79977512170452 44.49448075736713 0.4056381339800653 0.094214182276764 0.6131739234582383 0.01423121840660931 0.472658338242772 0.13742790278672162 0.7144835345530274 0.03375422415489679 60.0 0.0
1450.001957441102 0.6 0.6692 0.6923 394.2966 2703.5358 0.5520143840339754 0.006561922450723316 40.73230043723451 1.2795156474860787 41.953903244359395 43.77868466113451 0.44331868452961604 0.09287979802342582 0.63331240647088 0.011465380562629308 0.48854234459864704 0.12685147271742186 0.6979176351409243 0.03407010651129211 60.0 0.0
1460.001957441102 0.6 0.6615 0.6846 347.3329 2777.0298 0.5547814681269863 0.0066538390309178064 40.773770566668745 1.3307743609799922 41.97266222158059 44.900348499283346 0.43077961385690994 0.09608866124534877 0.6363789750158897 0.010133282269447609 0.4730995097068897 0.13126362633596697 0.698897002976087 0.03500918345641922 60.0 0.0
1470.001957441102 0.5769 0.6538 0.6769 397.1756 2686.7267 0.5560304265981703 0.006457239384565102 40.790289877847414 1.2898642303254075 41.85013765187405 44.983571326673456 0.417618992878575 0.09683385174364455 0.6312845241187762 0.010488999516568547 0.46591864048404674 0.13313950140434327 0.7042956193363498 0.03219575944608908 60.0 0.0
1480.001957441102 0.5769 0.6538 0.6769 388.6171 2556.2023 0.5508996393984743 0.006218996266877242 40.712611051904986 1.194515425530071 41.74588595553868 43.53733540696503 0.4264863731179346 0.0951005414885251 0.6300366875605852 0.011292910989008963 0.46628206443329534 0.12816232731564023 0.6888257770037318 0.03497795171952306 60.0 0.0
1490.001957441102 0.5846 0.6615 0.7231 470.0272 2664.1945 0.5530186541966831 0.006963981049668963 40.75064437238343 1.3836692762961464 42.11396365726883 44.493968616951925 0.4491019802007868 0.08715740102041307 0.6145606044852872 0.016843524219814495 0.48285972520069675 0.12042697168346446 0.6607554134325324 0.04647077808239598 60.0 0.0
1500.001957441102 0.4462 0.6154 0.7615 488.0108 2670.865 0.5823154132993587 0.011290041033227996 41.22063652816711 2.643390659258014 43.622743016495996 45.87266581973029 0.4025382381960488 0.07614788924156914 0.5285855653079429 0.03292882391959035 0.5369718964843077 0.11805434968071099 0.7051146115450504 0.0356283925776257 60.0 0.0
1510.001957441102 0.3154 0.6231 0.8385 511.1817 2648.8134 0.5740784785389063 0.013810702211222669 41.16896876369801 3.945476865153018 43.56547042661307 48.00220491416048 0.39585242897926853 0.06288056760417444 0.4809422034327561 0.03521513220854765 0.611114575737791 0.10622533014067162 0.7424756527655404 0.03082170412104931 60.0 0.0
1520.001957441102 0.3 0.6231 0.8462 495.5705 2712.3206 0.5736700897133843 0.010541901879702721 41.07675271006452 2.253763409947962 43.145516136023396 45.209059408164904 0.3714871214379306 0.05967232447348559 0.44305803474248606 0.03927159651846805 0.6256015052027861 0.09949253039865787 0.7461302355629559 0.028075483833995225 60.0 0.0
1530.001957441102 0.3462 0.6462 0.8077 475.5877 2541.279 0.6042390625298666 0.009150705490837364 41.51231687089714 1.9994584367359642 43.416972115820904 44.69174885466842 0.36663174477547505 0.06100989299532368 0.4539250173410644 0.035670126622807226 0.5915675437916117 0.10630718325404921 0.7324169589800906 0.02770936637877882 60.0 0.0
1540.001957441102 0.3231 0.6538 0.8154 501.123 2625.4906 0.5772114673096712 0.013139536180867335 41.14999935294848 2.9194953605793756 43.521217766306236 45.52294806412409 0.37359642729385356 0.05802319000493745 0.4539022013850557 0.033818282761666756 0.6208887549227917 0.10674709559563003 0.7543508237379712 0.028282194586285826 60.0 0.0
1550.001957441102 0.4231 0.5846 0.7538 554.877 2624.3595 0.5634736843339571 0.012278132332647384 40.92939049085888 2.615055434141816 43.094766399680665 45.45607903097473 0.3682001598342084 0.07351086802934303 0.48349515937825344 0.040450909509785145 0.5416443044815539 0.11970608725814597 0.7112500967939597 0.035709222169371196 60.0 0.0
1560.001957441102 0.4538 0.6615 0.7923 532.5024 2575.6277 0.5432797375507963 0.010879494989101193 40.63362017848906 2.2522260908533482 42.8120328495031 45.41364701685458 0.41732598846934316 0.07251032574994348 0.5267221213690738 0.033517956991364964 0.5514007836006929 0.11181174737676496 0.6959427365833988 0.039829847192977275 60.0 0.0
1570.001957441102 0.4923 0.6769 0.7846 589.1765 2581.5158 0.5793278297923317 0.012764808514875924 41.18773247111077 2.9857292565288103 43.7749608399822 46.19485959910507 0.4085577900823941 0.07155147000734761 0.5207109089285415 0.03240995723451419 0.5616794996765939 0.11199818248869571 0.7158660289995805 0.03157744452406955 60.0 0.0
1580.001957441102 0.4769 0.6462 0.8077 407.1687 2603.7212 0.5570486943746494 0.013614748100516522 40.87770548581351 3.251933954313458 43.77215893197352 46.639180146594974 0.40659147615266644 0.07560976945816282 0.5131737077655013 0.04039269377744084 0.5749348622497331 0.11177036496870967 0.7256459426452941 0.030921568910672576 60.0 0.0
1590.001957441102 0.4769 0.6385 0.7846 415.4169 2567.0729 0.5587585674699007 0.012295648379378804 40.8923843258948 2.904390674688322 43.501875556255555 46.315033378274 0.3982366801258117 0.07604890707064041 0.5125818655084705 0.0389057090014174 0.5676296581019847 0.11556755143115663 0.7306124312203764 0.02881412882997415 60.0 0.0
1600.001957441102 0.4692 0.6769 0.8 480.9576 2553.898 0.5603558897968668 0.012894670561605023 40.915937598647 3.0904848904039586 43.2603094427342 46.54262771536912 0.4047758210606014 0.07121045265116607 0.5108821042512445 0.03532102809055749 0.5854636222069436 0.11468590804706436 0.7389346688048802 0.030527051060841907 60.0 0.0
1610.001957441102 0.5462 0.6615 0.7538 462.3275 2685.5729 0.5643218876188306 0.013609998668432672 41.00068517610356 3.5550995631058715 43.00472942679049 47.072805453163404 0.40038479216841566 0.07624826141905561 0.5257578078979196 0.033779156867634066 0.545915710916565 0.11830380033404155 0.7168590143348834 0.03193375195435208 60.0 0.0
1620.001957441102 0.6 0.6538 0.7385 499.7229 2640.6311 0.5560369055749866 0.010942180726698173 40.83523513943403 2.6790390325672506 42.09736200664045 48.20702518726266 0.4293326768692439 0.08234739676646786 0.5875078736105444 0.019090879795854467 0.5055982703035248 0.1260453679635036 0.691871317257455 0.042729143857045744 60.0 0.0
1630.001957441102 0.5923 0.6615 0.7 406.4177 2642.2009 0.5405603568539405 0.008938984720258551 40.5942121239858 2.0092640075182 41.727206351422794 47.34506410648442 0.4459361096086846 0.09027899143134241 0.6301271114035761 0.010638741265373161 0.49963323298293116 0.13276061179515206 0.7060034813889244 0.040899917024610995 60.0 0.0
1640.001957441102 0.5923 0.6231 0.7154 451.5085 2618.0648 0.5526553043899028 0.011045814680507022 40.75851197078777 2.3114021061306187 42.40973675632584 45.9310586756709 0.4288473508647368 0.08951355043375098 0.6059799523088671 0.018374482542984315 0.4809818280538112 0.12558075593663565 0.6796482352934288 0.04151402627820602 60.0 0.0
1650.001957441102 0.5615 0.6077 0.6538 369.0819 2570.1434 0.5258297308732419 0.01081738912822678 40.377178165884466 2.1853597870499457 41.80038030974997 45.256810151734584 0.4093836567574497 0.09779185135699921 0.6261161809231583 0.012865129743963918 0.46016581424973396 0.13713001215839682 0.7037830100290049 0.037097760529791926 60.0 0.0
1660.001957441102 0.5462 0.6308 0.6538 382.3731 2642.0703 0.5432861882303972 0.011751607606444973 40.63501502583129 2.4489329384911254 42.3698449209832 45.75609858989252 0.4055594796067401 0.094652800479048 0.6130550273125142 0.014946812194378711 0.4495903110358758 0.13334551331329644 0.6796132608681844 0.04420564205353661 60.0 0.0
1670.001957441102 0.5308 0.6077 0.6538 410.4458 2536.719 0.528909300415998 0.011870028584174588 40.44018849590458 2.506103274106136 42.015860629698544 45.97661380682532 0.4134608282528496 0.09511694103535996 0.6178150307226488 0.014954254398216944 0.45472788902212014 0.13125644044917104 0.6794784548606393 0.04239575896636136 60.0 0.0
1680.001957441102 0.4308 0.6 0.7154 532.9919 2550.9342 0.5520140533662968 0.01605035271558931 40.8272361252178 4.0419619920474785 43.09767086984463 48.0769440755494 0.38745144531830167 0.08244029676948389 0.553502064740431 0.02523384954911117 0.48807428185514 0.12574142472338096 0.6972489740787714 0.03276201544116303 60.0 0.0
1690.001957441102 0.4154 0.5692 0.7 444.8391 2570.4323 0.55380299905932 0.016072525335898237 40.85988581940992 4.163753441132153 42.798628773294276 48.162738349742924 0.3830524371755694 0.07981587842055271 0.5472177673936706 0.023570415967560442 0.48992486005279684 0.12593783210799883 0.6998926572182812 0.0319231407609517 60.0 0.0
1700.001957441102 0.4462 0.5846 0.7077 397.8024 2515.9469 0.5418173658454575 0.018277415849800388 40.69377867846466 4.582564387397809 42.40768306748051 47.90650615652308 0.3990837501394703 0.07963880003429091 0.5639226904144689 0.018916644894597674 0.5014112850912883 0.12726097591926047 0.7085159463246464 0.03205347285407437 60.0 0.0
1710.001957441102 0.4308 0.5769 0.7 421.1786 2603.1281 0.5459462545535472 0.015497241781970568 40.72226161342642 3.607239342448196 42.87531249518395 47.360301877089334 0.39028079312556613 0.07956390521704332 0.5575439901793802 0.019748822845601494 0.5012017903976945 0.12914230508191032 0.7160025577109922 0.02959720628063779 60.0 0.0
1720.001957441102 0.4615 0.6077 0.7077 436.3695 2567.6093 0.559097550735495 0.01653105623475524 40.913331878369554 3.821351810320405 43.243508591449064 47.40996101981396 0.4055672820199453 0.0793613589146792 0.5669220071246547 0.018808583160441338 0.5077591081535399 0.12487176249104505 0.7097707963436579 0.03015143107808822 60.0 0.0
1730.001957441102 0.4385 0.5615 0.7308 410.3716 2619.028 0.5580123586774246 0.018147848427380504 40.90842824803562 4.251956460426504 43.09217662234852 46.85559577447064 0.38980105174738633 0.07570885781319099 0.533411965549055 0.026479612514930456 0.5165860134856731 0.12260789479991104 0.7069071763488158 0.03228910451577475 60.0 0.0
1740.001957441102 0.4615 0.5692 0.7077 336.9822 2576.9218 0.5490087806484532 0.016367186367332778 40.75366482982724 3.598222263899855 42.688644147483565 46.470053558169454 0.384885258253623 0.08200842668343411 0.5498360832194614 0.025841763661852996 0.5024332801082269 0.12921469723944826 0.7177618287260384 0.028935846401111152 60.0 0.0
1750.001957441102 0.4308 0.5923 0.7077 427.76 2671.7687 0.5558121902060139 0.01561006915487757 40.840272328458326 3.3380283391744032 43.031249533488776 45.921366041846895 0.3819239272489801 0.08188350094260609 0.5456056103556859 0.027068421795416606 0.5001018529929692 0.1307206551462715 0.7144312185613846 0.032541309339607194 60.0 0.0
1760.001957441102 0.4385 0.5615 0.7 386.6007 2636.3974 0.5555418171979827 0.01686048077013079 40.83477458611628 3.5179788921183084 42.93154966198055 46.105151162966436 0.37767462312659544 0.08307829401936613 0.5455300111828602 0.027817823296504156 0.4990780889619727 0.13130024801684181 0.7208905729450716 0.0286124091497469 60.0 0.0
1770.001957441102 0.4154 0.5769 0.7231 479.873 2662.3043 0.5661404449949667 0.017328452025608166 40.996490205435514 3.713779787134729 43.08885916635119 46.09107059002458 0.38531553418901987 0.08070055660324589 0.5328831855805594 0.03245760974812048 0.5141044742845715 0.12571567404637848 0.7109955495424924 0.03288587307741023 60.0 0.0
1780.001957441102 0.4231 0.5846 0.7385 474.1099 2540.5735 0.5938184838915804 0.01539261481691776 41.42138066490944 3.7619110940259133 43.300036905871195 48.01224355444538 0.3828628139409291 0.07796157219163868 0.5239175348665345 0.03230259419363326 0.5073300557831543 0.12001911844106442 0.6942411289664217 0.03356529366920216 60.0 0.0
1790.001957441102 0.4308 0.5692 0.7154 436.7773 2645.9121 0.5956914875256917 0.01952381149353023 41.4788451115488 4.56761908692248 44.20790639700269 47.02443592584771 0.37639886014253654 0.08174889424275505 0.5261489442852662 0.03497889598077174 0.5196836617891015 0.13010298650367916 0.7264395272320774 0.03059881930981671 60.0 0.0
1800.001957441102 0.4538 0.6154 0.7462 516.6181 2569.2892 0.614257287765651 0.022457732115722252 41.80773400080674 5.5737279561388755 44.912763558479256 47.9538593043117 0.39476204435640383 0.07817286326654135 0.5290625336735308 0.033251288725703675 0.5437913282469938 0.12219536611189316 0.7287925017743216 0.027968102334125607 60.0 0.0
#####################################################################
# End of data export. Simulation finished at: 2024-12-18T08:14+0000 #
#####################################################################
